"","Date","Site","Chainsaw_frequency","Time","Common.Name","Gibbon_pres","Solar.Radiation","Wind.Speed","RH2M","T2M","PRECTOTCORR"
"1",2024-02-20,"T10",0,NA,NA,0,177.357638888889,0.777916666666667,64.5,29.12,0
"2",2024-02-21,"T10",0,NA,NA,0,181.385416666667,0.695694444444444,65.37,29.27,0
"3",2024-02-22,"T06",0,NA,NA,0,165.854166666667,0.725694444444444,64.9,29.1,0
"4",2024-02-22,"T10",0,5,"CrestedGibbons",1,165.854166666667,0.725694444444444,64.9,29.1,0
"5",2024-02-22,"T11",0,NA,NA,0,165.854166666667,0.725694444444444,64.9,29.1,0
"6",2024-02-23,"T06",0,NA,NA,0,226.800694444444,0.81,58.66,29.4,0
"7",2024-02-23,"T10",0,NA,NA,0,226.800694444444,0.81,58.66,29.4,0
"8",2024-02-23,"T11",0,NA,NA,0,226.800694444444,0.81,58.66,29.4,0
"9",2024-02-24,"T05",1,NA,NA,0,203.415972222222,1.18888888888889,56.25,29.61,0
"10",2024-02-24,"T06",0,6,"CrestedGibbons",1,203.415972222222,1.18888888888889,56.25,29.61,0
"11",2024-02-24,"T07",0,NA,NA,0,203.415972222222,1.18888888888889,56.25,29.61,0
"12",2024-02-24,"T10",0,NA,NA,0,203.415972222222,1.18888888888889,56.25,29.61,0
"13",2024-02-24,"T11",0,NA,NA,0,203.415972222222,1.18888888888889,56.25,29.61,0
"14",2024-02-25,"T05",3,6,"CrestedGibbons",1,250.895833333333,2.93104166666667,54.58,28.54,0
"15",2024-02-25,"T06",0,5,"CrestedGibbons",1,250.895833333333,2.93104166666667,54.58,28.54,0
"16",2024-02-25,"T07",0,NA,NA,0,250.895833333333,2.93104166666667,54.58,28.54,0
"17",2024-02-25,"T10",0,NA,NA,0,250.895833333333,2.93104166666667,54.58,28.54,0
"18",2024-02-25,"T11",0,NA,NA,0,250.895833333333,2.93104166666667,54.58,28.54,0
"19",2024-02-26,"T05",4,6,"CrestedGibbons",1,244.102083333333,2.47423611111111,55.8,28.81,0
"20",2024-02-26,"T06",0,NA,NA,0,244.102083333333,2.47423611111111,55.8,28.81,0
"21",2024-02-26,"T07",0,NA,NA,0,244.102083333333,2.47423611111111,55.8,28.81,0
"22",2024-02-26,"T10",0,NA,NA,0,244.102083333333,2.47423611111111,55.8,28.81,0
"23",2024-02-26,"T11",0,6,"CrestedGibbons",1,244.102083333333,2.47423611111111,55.8,28.81,0
"24",2024-02-27,"T05",0,NA,NA,0,148.33125,3.42194444444444,61.22,29.56,0.27
"25",2024-02-27,"T06",0,NA,NA,0,148.33125,3.42194444444444,61.22,29.56,0.27
"26",2024-02-27,"T07",0,NA,NA,0,148.33125,3.42194444444444,61.22,29.56,0.27
"27",2024-02-27,"T10",0,NA,NA,0,148.33125,3.42194444444444,61.22,29.56,0.27
"28",2024-02-27,"T11",0,NA,NA,0,148.33125,3.42194444444444,61.22,29.56,0.27
"29",2024-02-28,"T05",5,6,"CrestedGibbons",1,249.223611111111,2.39923611111111,56.91,29.29,0
"30",2024-02-28,"T06",0,5,"CrestedGibbons",1,249.223611111111,2.39923611111111,56.91,29.29,0
"31",2024-02-28,"T07",0,NA,NA,0,249.223611111111,2.39923611111111,56.91,29.29,0
"32",2024-02-28,"T10",0,NA,NA,0,249.223611111111,2.39923611111111,56.91,29.29,0
"33",2024-02-28,"T11",0,5,"CrestedGibbons",1,249.223611111111,2.39923611111111,56.91,29.29,0
"34",2024-02-29,"T05",4,6,"CrestedGibbons",1,192.193055555556,0.869861111111111,54.99,29.65,0
"35",2024-02-29,"T06",0,NA,NA,0,192.193055555556,0.869861111111111,54.99,29.65,0
"36",2024-02-29,"T07",0,NA,NA,0,192.193055555556,0.869861111111111,54.99,29.65,0
"37",2024-02-29,"T10",2,NA,NA,0,192.193055555556,0.869861111111111,54.99,29.65,0
"38",2024-02-29,"T11",0,NA,NA,0,192.193055555556,0.869861111111111,54.99,29.65,0
"39",2024-03-01,"T05",0,6,"CrestedGibbons",1,239.439583333333,2.02611111111111,52.69,29.68,0
"40",2024-03-01,"T06",0,NA,NA,0,239.439583333333,2.02611111111111,52.69,29.68,0
"41",2024-03-01,"T07",0,NA,NA,0,239.439583333333,2.02611111111111,52.69,29.68,0
"42",2024-03-01,"T10",0,NA,NA,0,239.439583333333,2.02611111111111,52.69,29.68,0
"43",2024-03-01,"T11",0,NA,NA,0,239.439583333333,2.02611111111111,52.69,29.68,0
"44",2024-03-02,"T05",2,NA,NA,0,244.100694444444,3.03340277777778,53.67,28.95,0
"45",2024-03-02,"T06",0,NA,NA,0,244.100694444444,3.03340277777778,53.67,28.95,0
"46",2024-03-02,"T07",0,NA,NA,0,244.100694444444,3.03340277777778,53.67,28.95,0
"47",2024-03-02,"T10",1,NA,NA,0,244.100694444444,3.03340277777778,53.67,28.95,0
"48",2024-03-02,"T11",0,NA,NA,0,244.100694444444,3.03340277777778,53.67,28.95,0
"49",2024-03-03,"T05",5,NA,NA,0,237.573611111111,1.98291666666667,55.27,29.26,0
"50",2024-03-03,"T06",0,5,"CrestedGibbons",1,237.573611111111,1.98291666666667,55.27,29.26,0
"51",2024-03-03,"T07",0,NA,NA,0,237.573611111111,1.98291666666667,55.27,29.26,0
"52",2024-03-03,"T10",0,5,"CrestedGibbons",1,237.573611111111,1.98291666666667,55.27,29.26,0
"53",2024-03-03,"T11",0,6,"CrestedGibbons",1,237.573611111111,1.98291666666667,55.27,29.26,0
"54",2024-03-04,"T05",3,NA,NA,0,199.180555555556,0.767777777777777,60.7,29.93,0
"55",2024-03-04,"T06",0,NA,NA,0,199.180555555556,0.767777777777777,60.7,29.93,0
"56",2024-03-04,"T07",0,NA,NA,0,199.180555555556,0.767777777777777,60.7,29.93,0
"57",2024-03-04,"T10",0,NA,NA,0,199.180555555556,0.767777777777777,60.7,29.93,0
"58",2024-03-04,"T11",0,5,"CrestedGibbons",1,199.180555555556,0.767777777777777,60.7,29.93,0
"59",2024-03-05,"T05",0,6,"CrestedGibbons",1,240.916666666667,0.934305555555556,61.73,30.29,0
"60",2024-03-05,"T06",0,5,"CrestedGibbons",1,240.916666666667,0.934305555555556,61.73,30.29,0
"61",2024-03-05,"T07",0,NA,NA,0,240.916666666667,0.934305555555556,61.73,30.29,0
"62",2024-03-05,"T10",0,5,"CrestedGibbons",1,240.916666666667,0.934305555555556,61.73,30.29,0
"63",2024-03-05,"T11",0,NA,NA,0,240.916666666667,0.934305555555556,61.73,30.29,0
"64",2024-03-06,"T05",2,6,"CrestedGibbons",1,210.43125,1.05791666666667,60.16,30.92,0
"65",2024-03-06,"T06",0,NA,NA,0,210.43125,1.05791666666667,60.16,30.92,0
"66",2024-03-06,"T07",0,NA,NA,0,210.43125,1.05791666666667,60.16,30.92,0
"67",2024-03-06,"T10",0,NA,NA,0,210.43125,1.05791666666667,60.16,30.92,0
"68",2024-03-06,"T11",0,NA,NA,0,210.43125,1.05791666666667,60.16,30.92,0
"69",2024-03-07,"T05",3,NA,NA,0,174.319444444445,0.866388888888889,61.08,31.18,0
"70",2024-03-07,"T06",0,NA,NA,0,174.319444444445,0.866388888888889,61.08,31.18,0
"71",2024-03-07,"T07",0,NA,NA,0,174.319444444445,0.866388888888889,61.08,31.18,0
"72",2024-03-07,"T10",0,NA,NA,0,174.319444444445,0.866388888888889,61.08,31.18,0
"73",2024-03-07,"T11",0,NA,NA,0,174.319444444445,0.866388888888889,61.08,31.18,0
"74",2024-03-08,"T05",3,8,"CrestedGibbons",1,185.741666666667,1.36138888888889,51.87,30.79,0
"75",2024-03-08,"T06",0,NA,NA,0,185.741666666667,1.36138888888889,51.87,30.79,0
"76",2024-03-08,"T07",0,NA,NA,0,185.741666666667,1.36138888888889,51.87,30.79,0
"77",2024-03-08,"T10",0,NA,NA,0,185.741666666667,1.36138888888889,51.87,30.79,0
"78",2024-03-08,"T11",0,NA,NA,0,185.741666666667,1.36138888888889,51.87,30.79,0
"79",2024-03-09,"T05",1,NA,NA,0,186.384722222222,1.43222222222222,54.5,29.72,0
"80",2024-03-09,"T06",0,5,"CrestedGibbons",1,186.384722222222,1.43222222222222,54.5,29.72,0
"81",2024-03-09,"T07",0,NA,NA,0,186.384722222222,1.43222222222222,54.5,29.72,0
"82",2024-03-09,"T10",0,5,"CrestedGibbons",1,186.384722222222,1.43222222222222,54.5,29.72,0
"83",2024-03-09,"T11",0,5,"CrestedGibbons",1,186.384722222222,1.43222222222222,54.5,29.72,0
"84",2024-03-10,"T05",0,6,"CrestedGibbons",1,207.808333333333,1.27152777777778,52.24,30.33,0
"85",2024-03-10,"T06",0,6,"CrestedGibbons",1,207.808333333333,1.27152777777778,52.24,30.33,0
"86",2024-03-10,"T07",0,NA,NA,0,207.808333333333,1.27152777777778,52.24,30.33,0
"87",2024-03-10,"T10",0,NA,NA,0,207.808333333333,1.27152777777778,52.24,30.33,0
"88",2024-03-10,"T11",0,6,"CrestedGibbons",1,207.808333333333,1.27152777777778,52.24,30.33,0
"89",2024-03-11,"T05",2,NA,NA,0,247.704861111111,1.40583333333333,53.21,30.59,0.01
"90",2024-03-11,"T06",0,NA,NA,0,247.704861111111,1.40583333333333,53.21,30.59,0.01
"91",2024-03-11,"T07",0,NA,NA,0,247.704861111111,1.40583333333333,53.21,30.59,0.01
"92",2024-03-11,"T10",0,NA,NA,0,247.704861111111,1.40583333333333,53.21,30.59,0.01
"93",2024-03-11,"T11",0,NA,NA,0,247.704861111111,1.40583333333333,53.21,30.59,0.01
"94",2024-03-12,"T05",2,6,"CrestedGibbons",1,223.460416666667,1.1575,53.21,30.47,0
"95",2024-03-12,"T06",0,NA,NA,0,223.460416666667,1.1575,53.21,30.47,0
"96",2024-03-12,"T07",0,NA,NA,0,223.460416666667,1.1575,53.21,30.47,0
"97",2024-03-12,"T10",2,NA,NA,0,223.460416666667,1.1575,53.21,30.47,0
"98",2024-03-12,"T11",0,5,"CrestedGibbons",1,223.460416666667,1.1575,53.21,30.47,0
"99",2024-03-13,"T05",4,NA,NA,0,193.997222222222,0.601388888888889,53.13,30.97,0
"100",2024-03-13,"T06",0,NA,NA,0,193.997222222222,0.601388888888889,53.13,30.97,0
"101",2024-03-13,"T07",0,NA,NA,0,193.997222222222,0.601388888888889,53.13,30.97,0
"102",2024-03-13,"T10",4,NA,NA,0,193.997222222222,0.601388888888889,53.13,30.97,0
"103",2024-03-13,"T11",0,NA,NA,0,193.997222222222,0.601388888888889,53.13,30.97,0
"104",2024-03-14,"T05",0,NA,NA,0,178.826388888889,0.601805555555556,57.85,30.39,0
"105",2024-03-14,"T06",0,5,"CrestedGibbons",1,178.826388888889,0.601805555555556,57.85,30.39,0
"106",2024-03-14,"T07",0,NA,NA,0,178.826388888889,0.601805555555556,57.85,30.39,0
"107",2024-03-14,"T10",2,5,"CrestedGibbons",1,178.826388888889,0.601805555555556,57.85,30.39,0
"108",2024-03-14,"T11",0,NA,NA,0,178.826388888889,0.601805555555556,57.85,30.39,0
"109",2024-03-15,"T05",0,NA,NA,0,246.379861111111,0.949444444444444,55.67,30.22,0
"110",2024-03-15,"T06",0,5,"CrestedGibbons",1,246.379861111111,0.949444444444444,55.67,30.22,0
"111",2024-03-15,"T07",0,NA,NA,0,246.379861111111,0.949444444444444,55.67,30.22,0
"112",2024-03-15,"T10",0,NA,NA,0,246.379861111111,0.949444444444444,55.67,30.22,0
"113",2024-03-15,"T11",0,5,"CrestedGibbons",1,246.379861111111,0.949444444444444,55.67,30.22,0
"114",2024-03-16,"T05",0,NA,NA,0,253.659027777778,0.643472222222222,48.81,29.5,0
"115",2024-03-16,"T06",0,5,"CrestedGibbons",1,253.659027777778,0.643472222222222,48.81,29.5,0
"116",2024-03-16,"T07",0,NA,NA,0,253.659027777778,0.643472222222222,48.81,29.5,0
"117",2024-03-16,"T10",0,NA,NA,0,253.659027777778,0.643472222222222,48.81,29.5,0
"118",2024-03-16,"T11",0,NA,NA,0,253.659027777778,0.643472222222222,48.81,29.5,0
"119",2024-03-17,"T05",4,NA,NA,0,211.740972222222,0.565416666666667,51.18,30.09,0
"120",2024-03-17,"T06",0,5,"CrestedGibbons",1,211.740972222222,0.565416666666667,51.18,30.09,0
"121",2024-03-17,"T07",0,NA,NA,0,211.740972222222,0.565416666666667,51.18,30.09,0
"122",2024-03-17,"T10",0,NA,NA,0,211.740972222222,0.565416666666667,51.18,30.09,0
"123",2024-03-17,"T11",0,NA,NA,0,211.740972222222,0.565416666666667,51.18,30.09,0
"124",2024-03-18,"T05",3,NA,NA,0,226.464583333333,0.959583333333333,47.83,30.87,0
"125",2024-03-18,"T06",0,6,"CrestedGibbons",1,226.464583333333,0.959583333333333,47.83,30.87,0
"126",2024-03-18,"T07",0,NA,NA,0,226.464583333333,0.959583333333333,47.83,30.87,0
"127",2024-03-18,"T10",0,5,"CrestedGibbons",1,226.464583333333,0.959583333333333,47.83,30.87,0
"128",2024-03-18,"T11",0,5,"CrestedGibbons",1,226.464583333333,0.959583333333333,47.83,30.87,0
"129",2024-03-19,"T05",2,6,"CrestedGibbons",1,218.569444444444,1.39076388888889,46.15,29.91,0
"130",2024-03-19,"T06",0,5,"CrestedGibbons",1,218.569444444444,1.39076388888889,46.15,29.91,0
"131",2024-03-19,"T07",0,NA,NA,0,218.569444444444,1.39076388888889,46.15,29.91,0
"132",2024-03-19,"T10",0,5,"CrestedGibbons",1,218.569444444444,1.39076388888889,46.15,29.91,0
"133",2024-03-19,"T11",1,5,"CrestedGibbons",1,218.569444444444,1.39076388888889,46.15,29.91,0
"134",2024-03-20,"T05",5,NA,NA,0,218.859027777778,3.77854166666667,55.73,29.29,0.01
"135",2024-03-20,"T06",0,5,"CrestedGibbons",1,218.859027777778,3.77854166666667,55.73,29.29,0.01
"136",2024-03-20,"T07",0,NA,NA,0,218.859027777778,3.77854166666667,55.73,29.29,0.01
"137",2024-03-20,"T10",0,NA,NA,0,218.859027777778,3.77854166666667,55.73,29.29,0.01
"138",2024-03-20,"T11",0,NA,NA,0,218.859027777778,3.77854166666667,55.73,29.29,0.01
"139",2024-03-21,"T05",0,NA,NA,0,243.859027777778,3.04340277777778,55.22,30.16,0.06
"140",2024-03-21,"T06",0,NA,NA,0,243.859027777778,3.04340277777778,55.22,30.16,0.06
"141",2024-03-21,"T07",0,8,"CrestedGibbons",1,243.859027777778,3.04340277777778,55.22,30.16,0.06
"142",2024-03-21,"T10",0,5,"CrestedGibbons",1,243.859027777778,3.04340277777778,55.22,30.16,0.06
"143",2024-03-21,"T11",0,NA,NA,0,243.859027777778,3.04340277777778,55.22,30.16,0.06
"144",2024-03-22,"T05",0,NA,NA,0,225.223611111111,0.835138888888889,52.32,31.16,0
"145",2024-03-22,"T06",0,NA,NA,0,225.223611111111,0.835138888888889,52.32,31.16,0
"146",2024-03-22,"T07",0,NA,NA,0,225.223611111111,0.835138888888889,52.32,31.16,0
"147",2024-03-22,"T10",0,5,"CrestedGibbons",1,225.223611111111,0.835138888888889,52.32,31.16,0
"148",2024-03-22,"T11",0,9,"CrestedGibbons",1,225.223611111111,0.835138888888889,52.32,31.16,0
"149",2024-03-23,"T05",4,9,"CrestedGibbons",1,209.615277777778,0.850833333333333,56.65,30.66,0
"150",2024-03-23,"T06",0,5,"CrestedGibbons",1,209.615277777778,0.850833333333333,56.65,30.66,0
"151",2024-03-23,"T07",0,NA,NA,0,209.615277777778,0.850833333333333,56.65,30.66,0
"152",2024-03-23,"T10",0,5,"CrestedGibbons",1,209.615277777778,0.850833333333333,56.65,30.66,0
"153",2024-03-23,"T11",0,NA,NA,0,209.615277777778,0.850833333333333,56.65,30.66,0
"154",2024-03-23,"T15",3,NA,NA,0,209.615277777778,0.850833333333333,56.65,30.66,0
"155",2024-03-24,"T05",4,NA,NA,0,222.989583333333,0.861388888888889,59.33,30.49,0
"156",2024-03-24,"T06",0,5,"CrestedGibbons",1,222.989583333333,0.861388888888889,59.33,30.49,0
"157",2024-03-24,"T07",0,NA,NA,0,222.989583333333,0.861388888888889,59.33,30.49,0
"158",2024-03-24,"T10",0,NA,NA,0,222.989583333333,0.861388888888889,59.33,30.49,0
"159",2024-03-24,"T11",0,5,"CrestedGibbons",1,222.989583333333,0.861388888888889,59.33,30.49,0
"160",2024-03-24,"T15",5,5,"CrestedGibbons",1,222.989583333333,0.861388888888889,59.33,30.49,0
"161",2024-03-24,"T16",0,NA,NA,0,222.989583333333,0.861388888888889,59.33,30.49,0
"162",2024-03-25,"T05",0,NA,NA,0,189.165972222222,0.575972222222222,57.07,31.1,0
"163",2024-03-25,"T06",0,8,"CrestedGibbons",1,189.165972222222,0.575972222222222,57.07,31.1,0
"164",2024-03-25,"T07",0,NA,NA,0,189.165972222222,0.575972222222222,57.07,31.1,0
"165",2024-03-25,"T10",0,NA,NA,0,189.165972222222,0.575972222222222,57.07,31.1,0
"166",2024-03-25,"T11",0,NA,NA,0,189.165972222222,0.575972222222222,57.07,31.1,0
"167",2024-03-25,"T15",8,6,"CrestedGibbons",1,189.165972222222,0.575972222222222,57.07,31.1,0
"168",2024-03-25,"T16",0,6,"CrestedGibbons",1,189.165972222222,0.575972222222222,57.07,31.1,0
"169",2024-03-26,"T05",4,NA,NA,0,229.415972222222,0.742083333333333,48.57,32.36,0
"170",2024-03-26,"T06",0,6,"CrestedGibbons",1,229.415972222222,0.742083333333333,48.57,32.36,0
"171",2024-03-26,"T07",0,NA,NA,0,229.415972222222,0.742083333333333,48.57,32.36,0
"172",2024-03-26,"T10",0,NA,NA,0,229.415972222222,0.742083333333333,48.57,32.36,0
"173",2024-03-26,"T11",0,NA,NA,0,229.415972222222,0.742083333333333,48.57,32.36,0
"174",2024-03-26,"T15",15,NA,NA,0,229.415972222222,0.742083333333333,48.57,32.36,0
"175",2024-03-26,"T16",0,NA,NA,0,229.415972222222,0.742083333333333,48.57,32.36,0
"176",2024-03-27,"T05",7,NA,NA,0,199.986805555556,0.704444444444444,48.53,32.27,0
"177",2024-03-27,"T06",0,5,"CrestedGibbons",1,199.986805555556,0.704444444444444,48.53,32.27,0
"178",2024-03-27,"T07",0,NA,NA,0,199.986805555556,0.704444444444444,48.53,32.27,0
"179",2024-03-27,"T10",0,NA,NA,0,199.986805555556,0.704444444444444,48.53,32.27,0
"180",2024-03-27,"T11",0,5,"CrestedGibbons",1,199.986805555556,0.704444444444444,48.53,32.27,0
"181",2024-03-27,"T15",13,NA,NA,0,199.986805555556,0.704444444444444,48.53,32.27,0
"182",2024-03-27,"T16",0,5,"CrestedGibbons",1,199.986805555556,0.704444444444444,48.53,32.27,0
"183",2024-03-28,"T05",9,NA,NA,0,177.330555555556,0.896875,61.04,30.05,0.12
"184",2024-03-28,"T06",0,5,"CrestedGibbons",1,177.330555555556,0.896875,61.04,30.05,0.12
"185",2024-03-28,"T07",0,NA,NA,0,177.330555555556,0.896875,61.04,30.05,0.12
"186",2024-03-28,"T10",0,NA,NA,0,177.330555555556,0.896875,61.04,30.05,0.12
"187",2024-03-28,"T11",0,NA,NA,0,177.330555555556,0.896875,61.04,30.05,0.12
"188",2024-03-28,"T15",0,NA,NA,0,177.330555555556,0.896875,61.04,30.05,0.12
"189",2024-03-28,"T16",0,NA,NA,0,177.330555555556,0.896875,61.04,30.05,0.12
"190",2024-03-29,"T05",3,NA,NA,0,NA,0.813931034482759,61.42,30.14,0
"191",2024-03-29,"T06",0,5,"CrestedGibbons",1,NA,0.813931034482759,61.42,30.14,0
"192",2024-03-29,"T07",0,7,"CrestedGibbons",1,NA,0.813931034482759,61.42,30.14,0
"193",2024-03-29,"T10",0,5,"CrestedGibbons",1,NA,0.813931034482759,61.42,30.14,0
"194",2024-03-29,"T11",1,5,"CrestedGibbons",1,NA,0.813931034482759,61.42,30.14,0
"195",2024-03-29,"T15",0,6,"CrestedGibbons",1,NA,0.813931034482759,61.42,30.14,0
"196",2024-03-29,"T16",0,NA,NA,0,NA,0.813931034482759,61.42,30.14,0
"197",2024-03-30,"T05",8,NA,NA,0,NA,0.772275862068965,57.16,31.27,0
"198",2024-03-30,"T06",0,6,"CrestedGibbons",1,NA,0.772275862068965,57.16,31.27,0
"199",2024-03-30,"T07",0,5,"CrestedGibbons",1,NA,0.772275862068965,57.16,31.27,0
"200",2024-03-30,"T10",0,NA,NA,0,NA,0.772275862068965,57.16,31.27,0
"201",2024-03-30,"T11",0,NA,NA,0,NA,0.772275862068965,57.16,31.27,0
"202",2024-03-30,"T15",6,5,"CrestedGibbons",1,NA,0.772275862068965,57.16,31.27,0
"203",2024-03-30,"T16",0,NA,NA,0,NA,0.772275862068965,57.16,31.27,0
"204",2024-03-31,"T05",8,NA,NA,0,NA,0.783172413793103,58.27,31.05,0
"205",2024-03-31,"T06",0,5,"CrestedGibbons",1,NA,0.783172413793103,58.27,31.05,0
"206",2024-03-31,"T07",0,NA,NA,0,NA,0.783172413793103,58.27,31.05,0
"207",2024-03-31,"T10",0,NA,NA,0,NA,0.783172413793103,58.27,31.05,0
"208",2024-03-31,"T11",0,NA,NA,0,NA,0.783172413793103,58.27,31.05,0
"209",2024-03-31,"T15",18,5,"CrestedGibbons",1,NA,0.783172413793103,58.27,31.05,0
"210",2024-03-31,"T16",0,NA,NA,0,NA,0.783172413793103,58.27,31.05,0
"211",2024-04-01,"T05",11,NA,NA,0,NA,0.978206896551724,59.63,31.26,0
"212",2024-04-01,"T06",0,5,"CrestedGibbons",1,NA,0.978206896551724,59.63,31.26,0
"213",2024-04-01,"T07",0,NA,NA,0,NA,0.978206896551724,59.63,31.26,0
"214",2024-04-01,"T10",0,5,"CrestedGibbons",1,NA,0.978206896551724,59.63,31.26,0
"215",2024-04-01,"T11",0,NA,NA,0,NA,0.978206896551724,59.63,31.26,0
"216",2024-04-01,"T15",10,5,"CrestedGibbons",1,NA,0.978206896551724,59.63,31.26,0
"217",2024-04-01,"T16",0,NA,NA,0,NA,0.978206896551724,59.63,31.26,0
"218",2024-04-02,"T05",8,NA,NA,0,NA,1.33475862068966,58.56,31.26,0.01
"219",2024-04-02,"T06",0,NA,NA,0,NA,1.33475862068966,58.56,31.26,0.01
"220",2024-04-02,"T07",0,NA,NA,0,NA,1.33475862068966,58.56,31.26,0.01
"221",2024-04-02,"T10",0,9,"CrestedGibbons",1,NA,1.33475862068966,58.56,31.26,0.01
"222",2024-04-02,"T11",0,NA,NA,0,NA,1.33475862068966,58.56,31.26,0.01
"223",2024-04-02,"T15",13,NA,NA,0,NA,1.33475862068966,58.56,31.26,0.01
"224",2024-04-02,"T16",0,NA,NA,0,NA,1.33475862068966,58.56,31.26,0.01
"225",2024-04-03,"T05",4,NA,NA,0,NA,1.31434482758621,63.31,30.63,2.09
"226",2024-04-03,"T06",0,6,"CrestedGibbons",1,NA,1.31434482758621,63.31,30.63,2.09
"227",2024-04-03,"T07",0,NA,NA,0,NA,1.31434482758621,63.31,30.63,2.09
"228",2024-04-03,"T10",0,NA,NA,0,NA,1.31434482758621,63.31,30.63,2.09
"229",2024-04-03,"T11",0,NA,NA,0,NA,1.31434482758621,63.31,30.63,2.09
"230",2024-04-03,"T15",10,6,"CrestedGibbons",1,NA,1.31434482758621,63.31,30.63,2.09
"231",2024-04-03,"T16",0,NA,NA,0,NA,1.31434482758621,63.31,30.63,2.09
"232",2024-04-04,"T05",6,5,"CrestedGibbons",1,NA,1.0608275862069,57.96,32,0
"233",2024-04-04,"T06",0,5,"CrestedGibbons",1,NA,1.0608275862069,57.96,32,0
"234",2024-04-04,"T07",0,6,"CrestedGibbons",1,NA,1.0608275862069,57.96,32,0
"235",2024-04-04,"T10",0,NA,NA,0,NA,1.0608275862069,57.96,32,0
"236",2024-04-04,"T15",12,5,"CrestedGibbons",1,NA,1.0608275862069,57.96,32,0
"237",2024-04-04,"T16",0,NA,NA,0,NA,1.0608275862069,57.96,32,0
"238",2024-04-05,"T05",9,NA,NA,0,NA,1.06689655172414,59.49,31.16,0.01
"239",2024-04-05,"T06",0,6,"CrestedGibbons",1,NA,1.06689655172414,59.49,31.16,0.01
"240",2024-04-05,"T07",0,NA,NA,0,NA,1.06689655172414,59.49,31.16,0.01
"241",2024-04-05,"T10",0,5,"CrestedGibbons",1,NA,1.06689655172414,59.49,31.16,0.01
"242",2024-04-05,"T15",15,6,"CrestedGibbons",1,NA,1.06689655172414,59.49,31.16,0.01
"243",2024-04-05,"T16",0,5,"CrestedGibbons",1,NA,1.06689655172414,59.49,31.16,0.01
"244",2024-04-05,"T32",0,NA,NA,0,NA,1.06689655172414,59.49,31.16,0.01
"245",2024-04-06,"T05",5,5,"CrestedGibbons",1,NA,0.962896551724138,52.99,31.7,0
"246",2024-04-06,"T06",0,NA,NA,0,NA,0.962896551724138,52.99,31.7,0
"247",2024-04-06,"T07",0,NA,NA,0,NA,0.962896551724138,52.99,31.7,0
"248",2024-04-06,"T10",0,NA,NA,0,NA,0.962896551724138,52.99,31.7,0
"249",2024-04-06,"T15",8,5,"CrestedGibbons",1,NA,0.962896551724138,52.99,31.7,0
"250",2024-04-06,"T16",0,NA,NA,0,NA,0.962896551724138,52.99,31.7,0
"251",2024-04-06,"T32",0,5,"CrestedGibbons",1,NA,0.962896551724138,52.99,31.7,0
"252",2024-04-06,"T33",0,NA,NA,0,NA,0.962896551724138,52.99,31.7,0
"253",2024-04-07,"T05",5,6,"CrestedGibbons",1,NA,0.943448275862069,57.19,31.99,0
"254",2024-04-07,"T06",0,5,"CrestedGibbons",1,NA,0.943448275862069,57.19,31.99,0
"255",2024-04-07,"T07",0,NA,NA,0,NA,0.943448275862069,57.19,31.99,0
"256",2024-04-07,"T10",0,NA,NA,0,NA,0.943448275862069,57.19,31.99,0
"257",2024-04-07,"T15",7,5,"CrestedGibbons",1,NA,0.943448275862069,57.19,31.99,0
"258",2024-04-07,"T16",0,NA,NA,0,NA,0.943448275862069,57.19,31.99,0
"259",2024-04-07,"T32",0,5,"CrestedGibbons",1,NA,0.943448275862069,57.19,31.99,0
"260",2024-04-07,"T33",0,NA,NA,0,NA,0.943448275862069,57.19,31.99,0
"261",2024-04-08,"T05",1,NA,NA,0,NA,0.86496551724138,56.4,32.24,0
"262",2024-04-08,"T06",0,NA,NA,0,NA,0.86496551724138,56.4,32.24,0
"263",2024-04-08,"T07",0,NA,NA,0,NA,0.86496551724138,56.4,32.24,0
"264",2024-04-08,"T10",0,6,"CrestedGibbons",1,NA,0.86496551724138,56.4,32.24,0
"265",2024-04-08,"T15",5,NA,NA,0,NA,0.86496551724138,56.4,32.24,0
"266",2024-04-08,"T16",0,NA,NA,0,NA,0.86496551724138,56.4,32.24,0
"267",2024-04-08,"T32",0,6,"CrestedGibbons",1,NA,0.86496551724138,56.4,32.24,0
"268",2024-04-08,"T33",0,NA,NA,0,NA,0.86496551724138,56.4,32.24,0
"269",2024-04-09,"T05",10,NA,NA,0,NA,1.3671724137931,50.04,32.94,0
"270",2024-04-09,"T06",0,5,"CrestedGibbons",1,NA,1.3671724137931,50.04,32.94,0
"271",2024-04-09,"T07",0,NA,NA,0,NA,1.3671724137931,50.04,32.94,0
"272",2024-04-09,"T10",0,5,"CrestedGibbons",1,NA,1.3671724137931,50.04,32.94,0
"273",2024-04-09,"T15",2,5,"CrestedGibbons",1,NA,1.3671724137931,50.04,32.94,0
"274",2024-04-09,"T16",0,NA,NA,0,NA,1.3671724137931,50.04,32.94,0
"275",2024-04-09,"T32",0,NA,NA,0,NA,1.3671724137931,50.04,32.94,0
"276",2024-04-09,"T33",0,NA,NA,0,NA,1.3671724137931,50.04,32.94,0
"277",2024-04-10,"T05",4,5,"CrestedGibbons",1,NA,1.24662068965517,45.65,32.5,0
"278",2024-04-10,"T06",0,NA,NA,0,NA,1.24662068965517,45.65,32.5,0
"279",2024-04-10,"T07",0,NA,NA,0,NA,1.24662068965517,45.65,32.5,0
"280",2024-04-10,"T10",0,NA,NA,0,NA,1.24662068965517,45.65,32.5,0
"281",2024-04-10,"T15",0,NA,NA,0,NA,1.24662068965517,45.65,32.5,0
"282",2024-04-10,"T16",0,NA,NA,0,NA,1.24662068965517,45.65,32.5,0
"283",2024-04-10,"T32",1,5,"CrestedGibbons",1,NA,1.24662068965517,45.65,32.5,0
"284",2024-04-10,"T33",0,NA,NA,0,NA,1.24662068965517,45.65,32.5,0
"285",2024-04-11,"T05",0,5,"CrestedGibbons",1,NA,1.1488275862069,42.58,33.19,0
"286",2024-04-11,"T06",0,5,"CrestedGibbons",1,NA,1.1488275862069,42.58,33.19,0
"287",2024-04-11,"T07",0,NA,NA,0,NA,1.1488275862069,42.58,33.19,0
"288",2024-04-11,"T10",0,NA,NA,0,NA,1.1488275862069,42.58,33.19,0
"289",2024-04-11,"T15",0,NA,NA,0,NA,1.1488275862069,42.58,33.19,0
"290",2024-04-11,"T16",0,NA,NA,0,NA,1.1488275862069,42.58,33.19,0
"291",2024-04-11,"T32",5,6,"CrestedGibbons",1,NA,1.1488275862069,42.58,33.19,0
"292",2024-04-11,"T33",0,NA,NA,0,NA,1.1488275862069,42.58,33.19,0
"293",2024-04-12,"T05",1,NA,NA,0,NA,0.740689655172414,44.53,33.55,0
"294",2024-04-12,"T06",0,NA,NA,0,NA,0.740689655172414,44.53,33.55,0
"295",2024-04-12,"T07",0,NA,NA,0,NA,0.740689655172414,44.53,33.55,0
"296",2024-04-12,"T10",0,NA,NA,0,NA,0.740689655172414,44.53,33.55,0
"297",2024-04-12,"T15",0,5,"CrestedGibbons",1,NA,0.740689655172414,44.53,33.55,0
"298",2024-04-12,"T16",0,NA,NA,0,NA,0.740689655172414,44.53,33.55,0
"299",2024-04-12,"T32",6,NA,NA,0,NA,0.740689655172414,44.53,33.55,0
"300",2024-04-12,"T33",0,NA,NA,0,NA,0.740689655172414,44.53,33.55,0
"301",2024-04-13,"T05",0,NA,NA,0,NA,0.746482758620689,54.37,32.82,0
"302",2024-04-13,"T06",0,12,"CrestedGibbons",1,NA,0.746482758620689,54.37,32.82,0
"303",2024-04-13,"T07",0,NA,NA,0,NA,0.746482758620689,54.37,32.82,0
"304",2024-04-13,"T10",0,5,"CrestedGibbons",1,NA,0.746482758620689,54.37,32.82,0
"305",2024-04-13,"T15",0,5,"CrestedGibbons",1,NA,0.746482758620689,54.37,32.82,0
"306",2024-04-13,"T16",0,NA,NA,0,NA,0.746482758620689,54.37,32.82,0
"307",2024-04-13,"T32",10,NA,NA,0,NA,0.746482758620689,54.37,32.82,0
"308",2024-04-13,"T33",0,NA,NA,0,NA,0.746482758620689,54.37,32.82,0
"309",2024-04-14,"T05",1,NA,NA,0,NA,0.912137931034483,54.03,32.31,0
"310",2024-04-14,"T06",0,NA,NA,0,NA,0.912137931034483,54.03,32.31,0
"311",2024-04-14,"T07",0,5,"CrestedGibbons",1,NA,0.912137931034483,54.03,32.31,0
"312",2024-04-14,"T10",0,NA,NA,0,NA,0.912137931034483,54.03,32.31,0
"313",2024-04-14,"T15",0,NA,NA,0,NA,0.912137931034483,54.03,32.31,0
"314",2024-04-14,"T16",0,NA,NA,0,NA,0.912137931034483,54.03,32.31,0
"315",2024-04-14,"T32",9,NA,NA,0,NA,0.912137931034483,54.03,32.31,0
"316",2024-04-14,"T33",0,NA,NA,0,NA,0.912137931034483,54.03,32.31,0
"317",2024-04-15,"T05",0,5,"CrestedGibbons",1,NA,1.06041379310345,52.76,32.37,0
"318",2024-04-15,"T06",0,NA,NA,0,NA,1.06041379310345,52.76,32.37,0
"319",2024-04-15,"T07",0,11,"CrestedGibbons",1,NA,1.06041379310345,52.76,32.37,0
"320",2024-04-15,"T10",0,5,"CrestedGibbons",1,NA,1.06041379310345,52.76,32.37,0
"321",2024-04-15,"T15",0,5,"CrestedGibbons",1,NA,1.06041379310345,52.76,32.37,0
"322",2024-04-15,"T16",0,NA,NA,0,NA,1.06041379310345,52.76,32.37,0
"323",2024-04-15,"T32",0,NA,NA,0,NA,1.06041379310345,52.76,32.37,0
"324",2024-04-15,"T33",0,NA,NA,0,NA,1.06041379310345,52.76,32.37,0
"325",2024-04-16,"T05",0,NA,NA,0,NA,1.01958620689655,53.46,32.78,0
"326",2024-04-16,"T06",0,NA,NA,0,NA,1.01958620689655,53.46,32.78,0
"327",2024-04-16,"T07",0,12,"CrestedGibbons",1,NA,1.01958620689655,53.46,32.78,0
"328",2024-04-16,"T10",0,5,"CrestedGibbons",1,NA,1.01958620689655,53.46,32.78,0
"329",2024-04-16,"T15",1,5,"CrestedGibbons",1,NA,1.01958620689655,53.46,32.78,0
"330",2024-04-16,"T16",0,NA,NA,0,NA,1.01958620689655,53.46,32.78,0
"331",2024-04-16,"T32",0,NA,NA,0,NA,1.01958620689655,53.46,32.78,0
"332",2024-04-16,"T33",0,NA,NA,0,NA,1.01958620689655,53.46,32.78,0
"333",2024-04-17,"T05",1,NA,NA,0,NA,0.873241379310345,54.3,32.12,0
"334",2024-04-17,"T06",0,5,"CrestedGibbons",1,NA,0.873241379310345,54.3,32.12,0
"335",2024-04-17,"T07",0,NA,NA,0,NA,0.873241379310345,54.3,32.12,0
"336",2024-04-17,"T10",0,5,"CrestedGibbons",1,NA,0.873241379310345,54.3,32.12,0
"337",2024-04-17,"T15",0,5,"CrestedGibbons",1,NA,0.873241379310345,54.3,32.12,0
"338",2024-04-17,"T16",0,NA,NA,0,NA,0.873241379310345,54.3,32.12,0
"339",2024-04-17,"T32",0,NA,NA,0,NA,0.873241379310345,54.3,32.12,0
"340",2024-04-17,"T33",0,NA,NA,0,NA,0.873241379310345,54.3,32.12,0
"341",2024-04-18,"T05",0,NA,NA,0,NA,1.056,55.54,31.7,0
"342",2024-04-18,"T06",0,NA,NA,0,NA,1.056,55.54,31.7,0
"343",2024-04-18,"T07",0,NA,NA,0,NA,1.056,55.54,31.7,0
"344",2024-04-18,"T10",0,5,"CrestedGibbons",1,NA,1.056,55.54,31.7,0
"345",2024-04-18,"T15",2,NA,NA,0,NA,1.056,55.54,31.7,0
"346",2024-04-18,"T16",0,NA,NA,0,NA,1.056,55.54,31.7,0
"347",2024-04-18,"T32",0,6,"CrestedGibbons",1,NA,1.056,55.54,31.7,0
"348",2024-04-18,"T33",0,NA,NA,0,NA,1.056,55.54,31.7,0
"349",2024-04-19,"T05",6,NA,NA,0,NA,1.33986206896552,51.87,32.28,0
"350",2024-04-19,"T06",0,NA,NA,0,NA,1.33986206896552,51.87,32.28,0
"351",2024-04-19,"T07",0,5,"CrestedGibbons",1,NA,1.33986206896552,51.87,32.28,0
"352",2024-04-19,"T10",0,NA,NA,0,NA,1.33986206896552,51.87,32.28,0
"353",2024-04-19,"T15",4,NA,NA,0,NA,1.33986206896552,51.87,32.28,0
"354",2024-04-19,"T16",0,NA,NA,0,NA,1.33986206896552,51.87,32.28,0
"355",2024-04-19,"T32",0,5,"CrestedGibbons",1,NA,1.33986206896552,51.87,32.28,0
"356",2024-04-19,"T33",0,NA,NA,0,NA,1.33986206896552,51.87,32.28,0
"357",2024-04-20,"T05",11,NA,NA,0,NA,1.48565517241379,52.72,32.33,0
"358",2024-04-20,"T06",0,NA,NA,0,NA,1.48565517241379,52.72,32.33,0
"359",2024-04-20,"T07",0,NA,NA,0,NA,1.48565517241379,52.72,32.33,0
"360",2024-04-20,"T10",0,5,"CrestedGibbons",1,NA,1.48565517241379,52.72,32.33,0
"361",2024-04-20,"T15",1,NA,NA,0,NA,1.48565517241379,52.72,32.33,0
"362",2024-04-20,"T16",0,NA,NA,0,NA,1.48565517241379,52.72,32.33,0
"363",2024-04-20,"T32",0,NA,NA,0,NA,1.48565517241379,52.72,32.33,0
"364",2024-04-20,"T33",0,NA,NA,0,NA,1.48565517241379,52.72,32.33,0
"365",2024-04-21,"T05",0,NA,NA,0,NA,1.48455172413793,52.89,32.29,0
"366",2024-04-21,"T06",0,NA,NA,0,NA,1.48455172413793,52.89,32.29,0
"367",2024-04-21,"T07",0,NA,NA,0,NA,1.48455172413793,52.89,32.29,0
"368",2024-04-21,"T10",0,5,"CrestedGibbons",1,NA,1.48455172413793,52.89,32.29,0
"369",2024-04-21,"T15",4,NA,NA,0,NA,1.48455172413793,52.89,32.29,0
"370",2024-04-21,"T16",0,NA,NA,0,NA,1.48455172413793,52.89,32.29,0
"371",2024-04-21,"T32",5,6,"CrestedGibbons",1,NA,1.48455172413793,52.89,32.29,0
"372",2024-04-21,"T33",0,NA,NA,0,NA,1.48455172413793,52.89,32.29,0
"373",2024-04-22,"T05",3,NA,NA,0,NA,1.46841379310345,55.1,32,0
"374",2024-04-22,"T06",0,NA,NA,0,NA,1.46841379310345,55.1,32,0
"375",2024-04-22,"T07",0,5,"CrestedGibbons",1,NA,1.46841379310345,55.1,32,0
"376",2024-04-22,"T10",0,5,"CrestedGibbons",1,NA,1.46841379310345,55.1,32,0
"377",2024-04-22,"T15",6,NA,NA,0,NA,1.46841379310345,55.1,32,0
"378",2024-04-22,"T16",0,NA,NA,0,NA,1.46841379310345,55.1,32,0
"379",2024-04-22,"T32",6,5,"CrestedGibbons",1,NA,1.46841379310345,55.1,32,0
"380",2024-04-22,"T33",0,NA,NA,0,NA,1.46841379310345,55.1,32,0
"381",2024-04-23,"T01",0,NA,NA,0,NA,1.25186206896552,55.4,31.91,0.05
"382",2024-04-23,"T05",2,NA,NA,0,NA,1.25186206896552,55.4,31.91,0.05
"383",2024-04-23,"T06",0,NA,NA,0,NA,1.25186206896552,55.4,31.91,0.05
"384",2024-04-23,"T07",0,NA,NA,0,NA,1.25186206896552,55.4,31.91,0.05
"385",2024-04-23,"T08",6,NA,NA,0,NA,1.25186206896552,55.4,31.91,0.05
"386",2024-04-23,"T09",0,NA,NA,0,NA,1.25186206896552,55.4,31.91,0.05
"387",2024-04-23,"T10",0,NA,NA,0,NA,1.25186206896552,55.4,31.91,0.05
"388",2024-04-23,"T15",2,NA,NA,0,NA,1.25186206896552,55.4,31.91,0.05
"389",2024-04-23,"T16",0,NA,NA,0,NA,1.25186206896552,55.4,31.91,0.05
"390",2024-04-23,"T32",1,5,"CrestedGibbons",1,NA,1.25186206896552,55.4,31.91,0.05
"391",2024-04-23,"T33",4,NA,NA,0,NA,1.25186206896552,55.4,31.91,0.05
"392",2024-04-24,"T01",0,NA,NA,0,NA,1.23213793103448,50.79,33.4,0.04
"393",2024-04-24,"T02",0,NA,NA,0,NA,1.23213793103448,50.79,33.4,0.04
"394",2024-04-24,"T05",3,NA,NA,0,NA,1.23213793103448,50.79,33.4,0.04
"395",2024-04-24,"T06",0,5,"CrestedGibbons",1,NA,1.23213793103448,50.79,33.4,0.04
"396",2024-04-24,"T07",0,NA,NA,0,NA,1.23213793103448,50.79,33.4,0.04
"397",2024-04-24,"T08",0,NA,NA,0,NA,1.23213793103448,50.79,33.4,0.04
"398",2024-04-24,"T09",0,NA,NA,0,NA,1.23213793103448,50.79,33.4,0.04
"399",2024-04-24,"T10",0,5,"CrestedGibbons",1,NA,1.23213793103448,50.79,33.4,0.04
"400",2024-04-24,"T15",7,6,"CrestedGibbons",1,NA,1.23213793103448,50.79,33.4,0.04
"401",2024-04-24,"T16",0,NA,NA,0,NA,1.23213793103448,50.79,33.4,0.04
"402",2024-04-24,"T17",0,NA,NA,0,NA,1.23213793103448,50.79,33.4,0.04
"403",2024-04-24,"T32",7,NA,NA,0,NA,1.23213793103448,50.79,33.4,0.04
"404",2024-04-24,"T33",0,NA,NA,0,NA,1.23213793103448,50.79,33.4,0.04
"405",2024-04-25,"T01",0,NA,NA,0,NA,1.47944827586207,48.07,33.83,0
"406",2024-04-25,"T02",0,NA,NA,0,NA,1.47944827586207,48.07,33.83,0
"407",2024-04-25,"T05",1,NA,NA,0,NA,1.47944827586207,48.07,33.83,0
"408",2024-04-25,"T06",0,NA,NA,0,NA,1.47944827586207,48.07,33.83,0
"409",2024-04-25,"T07",0,5,"CrestedGibbons",1,NA,1.47944827586207,48.07,33.83,0
"410",2024-04-25,"T08",0,5,"CrestedGibbons",1,NA,1.47944827586207,48.07,33.83,0
"411",2024-04-25,"T09",0,NA,NA,0,NA,1.47944827586207,48.07,33.83,0
"412",2024-04-25,"T10",0,7,"CrestedGibbons",1,NA,1.47944827586207,48.07,33.83,0
"413",2024-04-25,"T12",6,NA,NA,0,NA,1.47944827586207,48.07,33.83,0
"414",2024-04-25,"T15",6,NA,NA,0,NA,1.47944827586207,48.07,33.83,0
"415",2024-04-25,"T16",0,NA,NA,0,NA,1.47944827586207,48.07,33.83,0
"416",2024-04-25,"T17",1,NA,NA,0,NA,1.47944827586207,48.07,33.83,0
"417",2024-04-25,"T19",1,NA,NA,0,NA,1.47944827586207,48.07,33.83,0
"418",2024-04-25,"T32",8,6,"CrestedGibbons",1,NA,1.47944827586207,48.07,33.83,0
"419",2024-04-25,"T33",0,NA,NA,0,NA,1.47944827586207,48.07,33.83,0
"420",2024-04-26,"T01",0,NA,NA,0,NA,1.34910344827586,49.96,33.27,0
"421",2024-04-26,"T02",0,NA,NA,0,NA,1.34910344827586,49.96,33.27,0
"422",2024-04-26,"T05",0,NA,NA,0,NA,1.34910344827586,49.96,33.27,0
"423",2024-04-26,"T06",0,5,"CrestedGibbons",1,NA,1.34910344827586,49.96,33.27,0
"424",2024-04-26,"T07",0,NA,NA,0,NA,1.34910344827586,49.96,33.27,0
"425",2024-04-26,"T08",0,NA,NA,0,NA,1.34910344827586,49.96,33.27,0
"426",2024-04-26,"T09",0,NA,NA,0,NA,1.34910344827586,49.96,33.27,0
"427",2024-04-26,"T10",0,5,"CrestedGibbons",1,NA,1.34910344827586,49.96,33.27,0
"428",2024-04-26,"T12",10,NA,NA,0,NA,1.34910344827586,49.96,33.27,0
"429",2024-04-26,"T15",3,NA,NA,0,NA,1.34910344827586,49.96,33.27,0
"430",2024-04-26,"T16",0,NA,NA,0,NA,1.34910344827586,49.96,33.27,0
"431",2024-04-26,"T17",0,NA,NA,0,NA,1.34910344827586,49.96,33.27,0
"432",2024-04-26,"T18",0,NA,NA,0,NA,1.34910344827586,49.96,33.27,0
"433",2024-04-26,"T19",7,NA,NA,0,NA,1.34910344827586,49.96,33.27,0
"434",2024-04-26,"T32",5,NA,NA,0,NA,1.34910344827586,49.96,33.27,0
"435",2024-04-26,"T33",0,NA,NA,0,NA,1.34910344827586,49.96,33.27,0
"436",2024-04-27,"T01",0,NA,NA,0,NA,1.27213793103448,47.51,33.45,0
"437",2024-04-27,"T02",0,NA,NA,0,NA,1.27213793103448,47.51,33.45,0
"438",2024-04-27,"T05",4,NA,NA,0,NA,1.27213793103448,47.51,33.45,0
"439",2024-04-27,"T06",0,NA,NA,0,NA,1.27213793103448,47.51,33.45,0
"440",2024-04-27,"T07",0,NA,NA,0,NA,1.27213793103448,47.51,33.45,0
"441",2024-04-27,"T08",9,NA,NA,0,NA,1.27213793103448,47.51,33.45,0
"442",2024-04-27,"T09",0,5,"CrestedGibbons",1,NA,1.27213793103448,47.51,33.45,0
"443",2024-04-27,"T10",0,NA,NA,0,NA,1.27213793103448,47.51,33.45,0
"444",2024-04-27,"T12",4,NA,NA,0,NA,1.27213793103448,47.51,33.45,0
"445",2024-04-27,"T15",2,5,"CrestedGibbons",1,NA,1.27213793103448,47.51,33.45,0
"446",2024-04-27,"T16",0,NA,NA,0,NA,1.27213793103448,47.51,33.45,0
"447",2024-04-27,"T17",0,NA,NA,0,NA,1.27213793103448,47.51,33.45,0
"448",2024-04-27,"T18",0,NA,NA,0,NA,1.27213793103448,47.51,33.45,0
"449",2024-04-27,"T19",6,NA,NA,0,NA,1.27213793103448,47.51,33.45,0
"450",2024-04-27,"T32",7,6,"CrestedGibbons",1,NA,1.27213793103448,47.51,33.45,0
"451",2024-04-27,"T33",0,NA,NA,0,NA,1.27213793103448,47.51,33.45,0
"452",2024-04-28,"T01",0,5,"CrestedGibbons",1,NA,1.62027586206897,55.25,32.17,0
"453",2024-04-28,"T02",0,NA,NA,0,NA,1.62027586206897,55.25,32.17,0
"454",2024-04-28,"T05",2,NA,NA,0,NA,1.62027586206897,55.25,32.17,0
"455",2024-04-28,"T06",0,6,"CrestedGibbons",1,NA,1.62027586206897,55.25,32.17,0
"456",2024-04-28,"T07",0,NA,NA,0,NA,1.62027586206897,55.25,32.17,0
"457",2024-04-28,"T08",4,NA,NA,0,NA,1.62027586206897,55.25,32.17,0
"458",2024-04-28,"T09",0,NA,NA,0,NA,1.62027586206897,55.25,32.17,0
"459",2024-04-28,"T10",0,NA,NA,0,NA,1.62027586206897,55.25,32.17,0
"460",2024-04-28,"T12",1,NA,NA,0,NA,1.62027586206897,55.25,32.17,0
"461",2024-04-28,"T15",6,NA,NA,0,NA,1.62027586206897,55.25,32.17,0
"462",2024-04-28,"T16",0,NA,NA,0,NA,1.62027586206897,55.25,32.17,0
"463",2024-04-28,"T17",0,NA,NA,0,NA,1.62027586206897,55.25,32.17,0
"464",2024-04-28,"T18",0,5,"CrestedGibbons",1,NA,1.62027586206897,55.25,32.17,0
"465",2024-04-28,"T19",2,NA,NA,0,NA,1.62027586206897,55.25,32.17,0
"466",2024-04-28,"T32",1,NA,NA,0,NA,1.62027586206897,55.25,32.17,0
"467",2024-04-28,"T33",0,NA,NA,0,NA,1.62027586206897,55.25,32.17,0
"468",2024-04-29,"T01",0,NA,NA,0,NA,1.13806896551724,49.92,33.26,0.01
"469",2024-04-29,"T02",0,NA,NA,0,NA,1.13806896551724,49.92,33.26,0.01
"470",2024-04-29,"T05",3,NA,NA,0,NA,1.13806896551724,49.92,33.26,0.01
"471",2024-04-29,"T06",0,NA,NA,0,NA,1.13806896551724,49.92,33.26,0.01
"472",2024-04-29,"T07",0,NA,NA,0,NA,1.13806896551724,49.92,33.26,0.01
"473",2024-04-29,"T08",8,NA,NA,0,NA,1.13806896551724,49.92,33.26,0.01
"474",2024-04-29,"T09",0,6,"CrestedGibbons",1,NA,1.13806896551724,49.92,33.26,0.01
"475",2024-04-29,"T10",0,NA,NA,0,NA,1.13806896551724,49.92,33.26,0.01
"476",2024-04-29,"T12",4,NA,NA,0,NA,1.13806896551724,49.92,33.26,0.01
"477",2024-04-29,"T15",5,NA,NA,0,NA,1.13806896551724,49.92,33.26,0.01
"478",2024-04-29,"T16",0,NA,NA,0,NA,1.13806896551724,49.92,33.26,0.01
"479",2024-04-29,"T17",4,NA,NA,0,NA,1.13806896551724,49.92,33.26,0.01
"480",2024-04-29,"T18",0,NA,NA,0,NA,1.13806896551724,49.92,33.26,0.01
"481",2024-04-29,"T19",7,NA,NA,0,NA,1.13806896551724,49.92,33.26,0.01
"482",2024-04-29,"T32",7,NA,NA,0,NA,1.13806896551724,49.92,33.26,0.01
"483",2024-04-29,"T33",0,NA,NA,0,NA,1.13806896551724,49.92,33.26,0.01
"484",2024-04-30,"T01",0,NA,NA,0,NA,1.40151724137931,51.36,33.41,0
"485",2024-04-30,"T02",0,NA,NA,0,NA,1.40151724137931,51.36,33.41,0
"486",2024-04-30,"T05",14,NA,NA,0,NA,1.40151724137931,51.36,33.41,0
"487",2024-04-30,"T06",0,NA,NA,0,NA,1.40151724137931,51.36,33.41,0
"488",2024-04-30,"T07",0,NA,NA,0,NA,1.40151724137931,51.36,33.41,0
"489",2024-04-30,"T08",5,5,"CrestedGibbons",1,NA,1.40151724137931,51.36,33.41,0
"490",2024-04-30,"T09",0,NA,NA,0,NA,1.40151724137931,51.36,33.41,0
"491",2024-04-30,"T10",0,NA,NA,0,NA,1.40151724137931,51.36,33.41,0
"492",2024-04-30,"T12",7,NA,NA,0,NA,1.40151724137931,51.36,33.41,0
"493",2024-04-30,"T15",4,NA,NA,0,NA,1.40151724137931,51.36,33.41,0
"494",2024-04-30,"T16",0,NA,NA,0,NA,1.40151724137931,51.36,33.41,0
"495",2024-04-30,"T17",0,NA,NA,0,NA,1.40151724137931,51.36,33.41,0
"496",2024-04-30,"T18",0,NA,NA,0,NA,1.40151724137931,51.36,33.41,0
"497",2024-04-30,"T19",5,5,"CrestedGibbons",1,NA,1.40151724137931,51.36,33.41,0
"498",2024-04-30,"T32",0,NA,NA,0,NA,1.40151724137931,51.36,33.41,0
"499",2024-04-30,"T33",0,5,"CrestedGibbons",1,NA,1.40151724137931,51.36,33.41,0
"500",2024-05-01,"T01",0,NA,NA,0,239.111805555556,1.55777777777778,51.96,33.25,0
"501",2024-05-01,"T02",0,NA,NA,0,239.111805555556,1.55777777777778,51.96,33.25,0
"502",2024-05-01,"T05",12,NA,NA,0,239.111805555556,1.55777777777778,51.96,33.25,0
"503",2024-05-01,"T06",0,NA,NA,0,239.111805555556,1.55777777777778,51.96,33.25,0
"504",2024-05-01,"T07",0,7,"CrestedGibbons",1,239.111805555556,1.55777777777778,51.96,33.25,0
"505",2024-05-01,"T08",2,NA,NA,0,239.111805555556,1.55777777777778,51.96,33.25,0
"506",2024-05-01,"T09",0,NA,NA,0,239.111805555556,1.55777777777778,51.96,33.25,0
"507",2024-05-01,"T10",0,NA,NA,0,239.111805555556,1.55777777777778,51.96,33.25,0
"508",2024-05-01,"T12",3,5,"CrestedGibbons",1,239.111805555556,1.55777777777778,51.96,33.25,0
"509",2024-05-01,"T15",4,NA,NA,0,239.111805555556,1.55777777777778,51.96,33.25,0
"510",2024-05-01,"T16",0,NA,NA,0,239.111805555556,1.55777777777778,51.96,33.25,0
"511",2024-05-01,"T17",0,NA,NA,0,239.111805555556,1.55777777777778,51.96,33.25,0
"512",2024-05-01,"T18",0,5,"CrestedGibbons",1,239.111805555556,1.55777777777778,51.96,33.25,0
"513",2024-05-01,"T19",0,NA,NA,0,239.111805555556,1.55777777777778,51.96,33.25,0
"514",2024-05-01,"T32",0,NA,NA,0,239.111805555556,1.55777777777778,51.96,33.25,0
"515",2024-05-01,"T33",0,NA,NA,0,239.111805555556,1.55777777777778,51.96,33.25,0
"516",2024-05-02,"T01",1,NA,NA,0,207.644444444444,1.33305555555556,58.85,29.72,3.31
"517",2024-05-02,"T02",0,5,"CrestedGibbons",1,207.644444444444,1.33305555555556,58.85,29.72,3.31
"518",2024-05-02,"T05",2,NA,NA,0,207.644444444444,1.33305555555556,58.85,29.72,3.31
"519",2024-05-02,"T06",0,NA,NA,0,207.644444444444,1.33305555555556,58.85,29.72,3.31
"520",2024-05-02,"T07",0,NA,NA,0,207.644444444444,1.33305555555556,58.85,29.72,3.31
"521",2024-05-02,"T08",4,NA,NA,0,207.644444444444,1.33305555555556,58.85,29.72,3.31
"522",2024-05-02,"T09",0,7,"CrestedGibbons",1,207.644444444444,1.33305555555556,58.85,29.72,3.31
"523",2024-05-02,"T10",0,NA,NA,0,207.644444444444,1.33305555555556,58.85,29.72,3.31
"524",2024-05-02,"T12",0,NA,NA,0,207.644444444444,1.33305555555556,58.85,29.72,3.31
"525",2024-05-02,"T15",4,NA,NA,0,207.644444444444,1.33305555555556,58.85,29.72,3.31
"526",2024-05-02,"T16",0,NA,NA,0,207.644444444444,1.33305555555556,58.85,29.72,3.31
"527",2024-05-02,"T17",0,NA,NA,0,207.644444444444,1.33305555555556,58.85,29.72,3.31
"528",2024-05-02,"T18",0,NA,NA,0,207.644444444444,1.33305555555556,58.85,29.72,3.31
"529",2024-05-02,"T19",0,NA,NA,0,207.644444444444,1.33305555555556,58.85,29.72,3.31
"530",2024-05-02,"T25",0,NA,NA,0,207.644444444444,1.33305555555556,58.85,29.72,3.31
"531",2024-05-02,"T32",0,NA,NA,0,207.644444444444,1.33305555555556,58.85,29.72,3.31
"532",2024-05-02,"T33",0,NA,NA,0,207.644444444444,1.33305555555556,58.85,29.72,3.31
"533",2024-05-03,"T01",0,6,"CrestedGibbons",1,175.663194444445,1.07777777777778,58.06,31.9,3.93
"534",2024-05-03,"T02",0,NA,NA,0,175.663194444445,1.07777777777778,58.06,31.9,3.93
"535",2024-05-03,"T05",4,NA,NA,0,175.663194444445,1.07777777777778,58.06,31.9,3.93
"536",2024-05-03,"T06",0,NA,NA,0,175.663194444445,1.07777777777778,58.06,31.9,3.93
"537",2024-05-03,"T07",0,NA,NA,0,175.663194444445,1.07777777777778,58.06,31.9,3.93
"538",2024-05-03,"T08",1,NA,NA,0,175.663194444445,1.07777777777778,58.06,31.9,3.93
"539",2024-05-03,"T09",0,NA,NA,0,175.663194444445,1.07777777777778,58.06,31.9,3.93
"540",2024-05-03,"T10",0,NA,NA,0,175.663194444445,1.07777777777778,58.06,31.9,3.93
"541",2024-05-03,"T12",5,NA,NA,0,175.663194444445,1.07777777777778,58.06,31.9,3.93
"542",2024-05-03,"T15",0,NA,NA,0,175.663194444445,1.07777777777778,58.06,31.9,3.93
"543",2024-05-03,"T16",0,NA,NA,0,175.663194444445,1.07777777777778,58.06,31.9,3.93
"544",2024-05-03,"T17",1,NA,NA,0,175.663194444445,1.07777777777778,58.06,31.9,3.93
"545",2024-05-03,"T18",0,5,"CrestedGibbons",1,175.663194444445,1.07777777777778,58.06,31.9,3.93
"546",2024-05-03,"T19",0,NA,NA,0,175.663194444445,1.07777777777778,58.06,31.9,3.93
"547",2024-05-03,"T25",0,NA,NA,0,175.663194444445,1.07777777777778,58.06,31.9,3.93
"548",2024-05-03,"T32",0,NA,NA,0,175.663194444445,1.07777777777778,58.06,31.9,3.93
"549",2024-05-03,"T33",1,NA,NA,0,175.663194444445,1.07777777777778,58.06,31.9,3.93
"550",2024-05-03,"T34",0,NA,NA,0,175.663194444445,1.07777777777778,58.06,31.9,3.93
"551",2024-05-04,"T01",3,NA,NA,0,172.30625,0.834583333333333,59.07,32.08,1.52
"552",2024-05-04,"T02",0,NA,NA,0,172.30625,0.834583333333333,59.07,32.08,1.52
"553",2024-05-04,"T05",5,NA,NA,0,172.30625,0.834583333333333,59.07,32.08,1.52
"554",2024-05-04,"T06",0,NA,NA,0,172.30625,0.834583333333333,59.07,32.08,1.52
"555",2024-05-04,"T07",0,NA,NA,0,172.30625,0.834583333333333,59.07,32.08,1.52
"556",2024-05-04,"T08",5,NA,NA,0,172.30625,0.834583333333333,59.07,32.08,1.52
"557",2024-05-04,"T09",0,NA,NA,0,172.30625,0.834583333333333,59.07,32.08,1.52
"558",2024-05-04,"T10",0,6,"CrestedGibbons",1,172.30625,0.834583333333333,59.07,32.08,1.52
"559",2024-05-04,"T12",2,NA,NA,0,172.30625,0.834583333333333,59.07,32.08,1.52
"560",2024-05-04,"T15",0,NA,NA,0,172.30625,0.834583333333333,59.07,32.08,1.52
"561",2024-05-04,"T16",0,NA,NA,0,172.30625,0.834583333333333,59.07,32.08,1.52
"562",2024-05-04,"T17",0,NA,NA,0,172.30625,0.834583333333333,59.07,32.08,1.52
"563",2024-05-04,"T18",0,7,"CrestedGibbons",1,172.30625,0.834583333333333,59.07,32.08,1.52
"564",2024-05-04,"T19",0,NA,NA,0,172.30625,0.834583333333333,59.07,32.08,1.52
"565",2024-05-04,"T25",0,NA,NA,0,172.30625,0.834583333333333,59.07,32.08,1.52
"566",2024-05-04,"T27",0,NA,NA,0,172.30625,0.834583333333333,59.07,32.08,1.52
"567",2024-05-04,"T32",0,14,"CrestedGibbons",1,172.30625,0.834583333333333,59.07,32.08,1.52
"568",2024-05-04,"T33",0,NA,NA,0,172.30625,0.834583333333333,59.07,32.08,1.52
"569",2024-05-04,"T34",0,NA,NA,0,172.30625,0.834583333333333,59.07,32.08,1.52
"570",2024-05-05,"T01",0,NA,NA,0,159.589583333333,0.886388888888889,71.04,29.78,3.64
"571",2024-05-05,"T02",0,NA,NA,0,159.589583333333,0.886388888888889,71.04,29.78,3.64
"572",2024-05-05,"T05",1,NA,NA,0,159.589583333333,0.886388888888889,71.04,29.78,3.64
"573",2024-05-05,"T06",0,NA,NA,0,159.589583333333,0.886388888888889,71.04,29.78,3.64
"574",2024-05-05,"T07",0,NA,NA,0,159.589583333333,0.886388888888889,71.04,29.78,3.64
"575",2024-05-05,"T08",1,NA,NA,0,159.589583333333,0.886388888888889,71.04,29.78,3.64
"576",2024-05-05,"T09",0,NA,NA,0,159.589583333333,0.886388888888889,71.04,29.78,3.64
"577",2024-05-05,"T10",0,NA,NA,0,159.589583333333,0.886388888888889,71.04,29.78,3.64
"578",2024-05-05,"T12",0,NA,NA,0,159.589583333333,0.886388888888889,71.04,29.78,3.64
"579",2024-05-05,"T15",0,NA,NA,0,159.589583333333,0.886388888888889,71.04,29.78,3.64
"580",2024-05-05,"T16",0,NA,NA,0,159.589583333333,0.886388888888889,71.04,29.78,3.64
"581",2024-05-05,"T17",0,5,"CrestedGibbons",1,159.589583333333,0.886388888888889,71.04,29.78,3.64
"582",2024-05-05,"T18",0,NA,NA,0,159.589583333333,0.886388888888889,71.04,29.78,3.64
"583",2024-05-05,"T19",0,5,"CrestedGibbons",1,159.589583333333,0.886388888888889,71.04,29.78,3.64
"584",2024-05-05,"T25",0,NA,NA,0,159.589583333333,0.886388888888889,71.04,29.78,3.64
"585",2024-05-05,"T27",0,NA,NA,0,159.589583333333,0.886388888888889,71.04,29.78,3.64
"586",2024-05-05,"T28",0,NA,NA,0,159.589583333333,0.886388888888889,71.04,29.78,3.64
"587",2024-05-05,"T32",0,NA,NA,0,159.589583333333,0.886388888888889,71.04,29.78,3.64
"588",2024-05-05,"T33",0,NA,NA,0,159.589583333333,0.886388888888889,71.04,29.78,3.64
"589",2024-05-05,"T34",0,NA,NA,0,159.589583333333,0.886388888888889,71.04,29.78,3.64
"590",2024-05-06,"T01",0,NA,NA,0,224.979861111111,0.699722222222222,59.62,31.6,0.31
"591",2024-05-06,"T02",0,NA,NA,0,224.979861111111,0.699722222222222,59.62,31.6,0.31
"592",2024-05-06,"T05",6,NA,NA,0,224.979861111111,0.699722222222222,59.62,31.6,0.31
"593",2024-05-06,"T06",0,NA,NA,0,224.979861111111,0.699722222222222,59.62,31.6,0.31
"594",2024-05-06,"T07",0,NA,NA,0,224.979861111111,0.699722222222222,59.62,31.6,0.31
"595",2024-05-06,"T08",0,NA,NA,0,224.979861111111,0.699722222222222,59.62,31.6,0.31
"596",2024-05-06,"T09",0,NA,NA,0,224.979861111111,0.699722222222222,59.62,31.6,0.31
"597",2024-05-06,"T10",0,NA,NA,0,224.979861111111,0.699722222222222,59.62,31.6,0.31
"598",2024-05-06,"T12",2,NA,NA,0,224.979861111111,0.699722222222222,59.62,31.6,0.31
"599",2024-05-06,"T15",0,NA,NA,0,224.979861111111,0.699722222222222,59.62,31.6,0.31
"600",2024-05-06,"T16",0,NA,NA,0,224.979861111111,0.699722222222222,59.62,31.6,0.31
"601",2024-05-06,"T17",0,5,"CrestedGibbons",1,224.979861111111,0.699722222222222,59.62,31.6,0.31
"602",2024-05-06,"T18",0,NA,NA,0,224.979861111111,0.699722222222222,59.62,31.6,0.31
"603",2024-05-06,"T19",0,NA,NA,0,224.979861111111,0.699722222222222,59.62,31.6,0.31
"604",2024-05-06,"T25",0,NA,NA,0,224.979861111111,0.699722222222222,59.62,31.6,0.31
"605",2024-05-06,"T27",0,NA,NA,0,224.979861111111,0.699722222222222,59.62,31.6,0.31
"606",2024-05-06,"T28",0,5,"CrestedGibbons",1,224.979861111111,0.699722222222222,59.62,31.6,0.31
"607",2024-05-06,"T32",0,NA,NA,0,224.979861111111,0.699722222222222,59.62,31.6,0.31
"608",2024-05-06,"T33",1,NA,NA,0,224.979861111111,0.699722222222222,59.62,31.6,0.31
"609",2024-05-06,"T34",0,NA,NA,0,224.979861111111,0.699722222222222,59.62,31.6,0.31
"610",2024-05-07,"T01",0,NA,NA,0,159.406944444444,0.564444444444444,57.65,32.05,5.83
"611",2024-05-07,"T02",0,NA,NA,0,159.406944444444,0.564444444444444,57.65,32.05,5.83
"612",2024-05-07,"T05",11,NA,NA,0,159.406944444444,0.564444444444444,57.65,32.05,5.83
"613",2024-05-07,"T06",0,NA,NA,0,159.406944444444,0.564444444444444,57.65,32.05,5.83
"614",2024-05-07,"T07",0,NA,NA,0,159.406944444444,0.564444444444444,57.65,32.05,5.83
"615",2024-05-07,"T08",0,5,"CrestedGibbons",1,159.406944444444,0.564444444444444,57.65,32.05,5.83
"616",2024-05-07,"T09",0,NA,NA,0,159.406944444444,0.564444444444444,57.65,32.05,5.83
"617",2024-05-07,"T10",0,NA,NA,0,159.406944444444,0.564444444444444,57.65,32.05,5.83
"618",2024-05-07,"T12",6,NA,NA,0,159.406944444444,0.564444444444444,57.65,32.05,5.83
"619",2024-05-07,"T15",0,5,"CrestedGibbons",1,159.406944444444,0.564444444444444,57.65,32.05,5.83
"620",2024-05-07,"T16",0,5,"CrestedGibbons",1,159.406944444444,0.564444444444444,57.65,32.05,5.83
"621",2024-05-07,"T17",0,NA,NA,0,159.406944444444,0.564444444444444,57.65,32.05,5.83
"622",2024-05-07,"T18",0,NA,NA,0,159.406944444444,0.564444444444444,57.65,32.05,5.83
"623",2024-05-07,"T19",0,NA,NA,0,159.406944444444,0.564444444444444,57.65,32.05,5.83
"624",2024-05-07,"T25",0,NA,NA,0,159.406944444444,0.564444444444444,57.65,32.05,5.83
"625",2024-05-07,"T27",0,5,"CrestedGibbons",1,159.406944444444,0.564444444444444,57.65,32.05,5.83
"626",2024-05-07,"T28",0,NA,NA,0,159.406944444444,0.564444444444444,57.65,32.05,5.83
"627",2024-05-07,"T32",0,5,"CrestedGibbons",1,159.406944444444,0.564444444444444,57.65,32.05,5.83
"628",2024-05-07,"T33",3,NA,NA,0,159.406944444444,0.564444444444444,57.65,32.05,5.83
"629",2024-05-07,"T34",0,NA,NA,0,159.406944444444,0.564444444444444,57.65,32.05,5.83
"630",2024-05-08,"T01",0,NA,NA,0,236.886111111111,0.923888888888889,67.73,30.65,8.57
"631",2024-05-08,"T02",0,NA,NA,0,236.886111111111,0.923888888888889,67.73,30.65,8.57
"632",2024-05-08,"T05",0,NA,NA,0,236.886111111111,0.923888888888889,67.73,30.65,8.57
"633",2024-05-08,"T06",0,NA,NA,0,236.886111111111,0.923888888888889,67.73,30.65,8.57
"634",2024-05-08,"T07",0,NA,NA,0,236.886111111111,0.923888888888889,67.73,30.65,8.57
"635",2024-05-08,"T08",0,NA,NA,0,236.886111111111,0.923888888888889,67.73,30.65,8.57
"636",2024-05-08,"T09",1,NA,NA,0,236.886111111111,0.923888888888889,67.73,30.65,8.57
"637",2024-05-08,"T10",0,NA,NA,0,236.886111111111,0.923888888888889,67.73,30.65,8.57
"638",2024-05-08,"T12",6,NA,NA,0,236.886111111111,0.923888888888889,67.73,30.65,8.57
"639",2024-05-08,"T15",0,7,"CrestedGibbons",1,236.886111111111,0.923888888888889,67.73,30.65,8.57
"640",2024-05-08,"T16",0,5,"CrestedGibbons",1,236.886111111111,0.923888888888889,67.73,30.65,8.57
"641",2024-05-08,"T17",0,NA,NA,0,236.886111111111,0.923888888888889,67.73,30.65,8.57
"642",2024-05-08,"T18",0,NA,NA,0,236.886111111111,0.923888888888889,67.73,30.65,8.57
"643",2024-05-08,"T19",1,NA,NA,0,236.886111111111,0.923888888888889,67.73,30.65,8.57
"644",2024-05-08,"T25",0,NA,NA,0,236.886111111111,0.923888888888889,67.73,30.65,8.57
"645",2024-05-08,"T27",0,5,"CrestedGibbons",1,236.886111111111,0.923888888888889,67.73,30.65,8.57
"646",2024-05-08,"T28",1,NA,NA,0,236.886111111111,0.923888888888889,67.73,30.65,8.57
"647",2024-05-08,"T32",2,5,"CrestedGibbons",1,236.886111111111,0.923888888888889,67.73,30.65,8.57
"648",2024-05-08,"T33",0,NA,NA,0,236.886111111111,0.923888888888889,67.73,30.65,8.57
"649",2024-05-08,"T34",0,NA,NA,0,236.886111111111,0.923888888888889,67.73,30.65,8.57
"650",2024-05-09,"T01",0,NA,NA,0,182.730555555555,0.581111111111111,69.76,29.35,6.27
"651",2024-05-09,"T02",0,NA,NA,0,182.730555555555,0.581111111111111,69.76,29.35,6.27
"652",2024-05-09,"T05",0,NA,NA,0,182.730555555555,0.581111111111111,69.76,29.35,6.27
"653",2024-05-09,"T06",0,NA,NA,0,182.730555555555,0.581111111111111,69.76,29.35,6.27
"654",2024-05-09,"T07",0,NA,NA,0,182.730555555555,0.581111111111111,69.76,29.35,6.27
"655",2024-05-09,"T08",0,NA,NA,0,182.730555555555,0.581111111111111,69.76,29.35,6.27
"656",2024-05-09,"T09",2,NA,NA,0,182.730555555555,0.581111111111111,69.76,29.35,6.27
"657",2024-05-09,"T10",0,NA,NA,0,182.730555555555,0.581111111111111,69.76,29.35,6.27
"658",2024-05-09,"T12",7,NA,NA,0,182.730555555555,0.581111111111111,69.76,29.35,6.27
"659",2024-05-09,"T15",0,NA,NA,0,182.730555555555,0.581111111111111,69.76,29.35,6.27
"660",2024-05-09,"T16",0,NA,NA,0,182.730555555555,0.581111111111111,69.76,29.35,6.27
"661",2024-05-09,"T17",0,NA,NA,0,182.730555555555,0.581111111111111,69.76,29.35,6.27
"662",2024-05-09,"T18",0,NA,NA,0,182.730555555555,0.581111111111111,69.76,29.35,6.27
"663",2024-05-09,"T19",0,NA,NA,0,182.730555555555,0.581111111111111,69.76,29.35,6.27
"664",2024-05-09,"T25",0,NA,NA,0,182.730555555555,0.581111111111111,69.76,29.35,6.27
"665",2024-05-09,"T27",0,NA,NA,0,182.730555555555,0.581111111111111,69.76,29.35,6.27
"666",2024-05-09,"T28",0,NA,NA,0,182.730555555555,0.581111111111111,69.76,29.35,6.27
"667",2024-05-09,"T32",0,12,"CrestedGibbons",1,182.730555555555,0.581111111111111,69.76,29.35,6.27
"668",2024-05-09,"T33",0,NA,NA,0,182.730555555555,0.581111111111111,69.76,29.35,6.27
"669",2024-05-09,"T34",0,NA,NA,0,182.730555555555,0.581111111111111,69.76,29.35,6.27
"670",2024-05-10,"T01",1,NA,NA,0,180.74375,0.715416666666666,61.2,31.44,0.02
"671",2024-05-10,"T02",0,NA,NA,0,180.74375,0.715416666666666,61.2,31.44,0.02
"672",2024-05-10,"T05",0,NA,NA,0,180.74375,0.715416666666666,61.2,31.44,0.02
"673",2024-05-10,"T06",0,NA,NA,0,180.74375,0.715416666666666,61.2,31.44,0.02
"674",2024-05-10,"T07",0,NA,NA,0,180.74375,0.715416666666666,61.2,31.44,0.02
"675",2024-05-10,"T08",0,NA,NA,0,180.74375,0.715416666666666,61.2,31.44,0.02
"676",2024-05-10,"T09",1,5,"CrestedGibbons",1,180.74375,0.715416666666666,61.2,31.44,0.02
"677",2024-05-10,"T10",0,NA,NA,0,180.74375,0.715416666666666,61.2,31.44,0.02
"678",2024-05-10,"T12",0,NA,NA,0,180.74375,0.715416666666666,61.2,31.44,0.02
"679",2024-05-10,"T15",1,5,"CrestedGibbons",1,180.74375,0.715416666666666,61.2,31.44,0.02
"680",2024-05-10,"T16",0,5,"CrestedGibbons",1,180.74375,0.715416666666666,61.2,31.44,0.02
"681",2024-05-10,"T17",0,NA,NA,0,180.74375,0.715416666666666,61.2,31.44,0.02
"682",2024-05-10,"T18",0,NA,NA,0,180.74375,0.715416666666666,61.2,31.44,0.02
"683",2024-05-10,"T19",0,NA,NA,0,180.74375,0.715416666666666,61.2,31.44,0.02
"684",2024-05-10,"T25",0,NA,NA,0,180.74375,0.715416666666666,61.2,31.44,0.02
"685",2024-05-10,"T27",1,5,"CrestedGibbons",1,180.74375,0.715416666666666,61.2,31.44,0.02
"686",2024-05-10,"T28",1,NA,NA,0,180.74375,0.715416666666666,61.2,31.44,0.02
"687",2024-05-10,"T32",0,14,"CrestedGibbons",1,180.74375,0.715416666666666,61.2,31.44,0.02
"688",2024-05-10,"T33",0,NA,NA,0,180.74375,0.715416666666666,61.2,31.44,0.02
"689",2024-05-10,"T34",0,NA,NA,0,180.74375,0.715416666666666,61.2,31.44,0.02
"690",2024-05-11,"T01",0,NA,NA,0,185.175,0.539166666666666,62.67,31.73,0.89
"691",2024-05-11,"T02",0,NA,NA,0,185.175,0.539166666666666,62.67,31.73,0.89
"692",2024-05-11,"T05",1,NA,NA,0,185.175,0.539166666666666,62.67,31.73,0.89
"693",2024-05-11,"T06",0,NA,NA,0,185.175,0.539166666666666,62.67,31.73,0.89
"694",2024-05-11,"T07",0,NA,NA,0,185.175,0.539166666666666,62.67,31.73,0.89
"695",2024-05-11,"T08",1,NA,NA,0,185.175,0.539166666666666,62.67,31.73,0.89
"696",2024-05-11,"T09",5,NA,NA,0,185.175,0.539166666666666,62.67,31.73,0.89
"697",2024-05-11,"T10",0,NA,NA,0,185.175,0.539166666666666,62.67,31.73,0.89
"698",2024-05-11,"T12",4,NA,NA,0,185.175,0.539166666666666,62.67,31.73,0.89
"699",2024-05-11,"T15",0,NA,NA,0,185.175,0.539166666666666,62.67,31.73,0.89
"700",2024-05-11,"T16",0,NA,NA,0,185.175,0.539166666666666,62.67,31.73,0.89
"701",2024-05-11,"T17",0,NA,NA,0,185.175,0.539166666666666,62.67,31.73,0.89
"702",2024-05-11,"T18",1,NA,NA,0,185.175,0.539166666666666,62.67,31.73,0.89
"703",2024-05-11,"T19",0,NA,NA,0,185.175,0.539166666666666,62.67,31.73,0.89
"704",2024-05-11,"T25",0,NA,NA,0,185.175,0.539166666666666,62.67,31.73,0.89
"705",2024-05-11,"T27",0,NA,NA,0,185.175,0.539166666666666,62.67,31.73,0.89
"706",2024-05-11,"T28",0,NA,NA,0,185.175,0.539166666666666,62.67,31.73,0.89
"707",2024-05-11,"T32",0,5,"CrestedGibbons",1,185.175,0.539166666666666,62.67,31.73,0.89
"708",2024-05-11,"T33",0,NA,NA,0,185.175,0.539166666666666,62.67,31.73,0.89
"709",2024-05-11,"T34",0,NA,NA,0,185.175,0.539166666666666,62.67,31.73,0.89
"710",2024-05-12,"T01",0,NA,NA,0,201.847916666667,0.709444444444444,64.32,31.96,1.13
"711",2024-05-12,"T02",0,NA,NA,0,201.847916666667,0.709444444444444,64.32,31.96,1.13
"712",2024-05-12,"T05",0,NA,NA,0,201.847916666667,0.709444444444444,64.32,31.96,1.13
"713",2024-05-12,"T06",0,5,"CrestedGibbons",1,201.847916666667,0.709444444444444,64.32,31.96,1.13
"714",2024-05-12,"T07",0,NA,NA,0,201.847916666667,0.709444444444444,64.32,31.96,1.13
"715",2024-05-12,"T08",0,5,"CrestedGibbons",1,201.847916666667,0.709444444444444,64.32,31.96,1.13
"716",2024-05-12,"T09",5,NA,NA,0,201.847916666667,0.709444444444444,64.32,31.96,1.13
"717",2024-05-12,"T10",0,NA,NA,0,201.847916666667,0.709444444444444,64.32,31.96,1.13
"718",2024-05-12,"T12",10,NA,NA,0,201.847916666667,0.709444444444444,64.32,31.96,1.13
"719",2024-05-12,"T15",0,NA,NA,0,201.847916666667,0.709444444444444,64.32,31.96,1.13
"720",2024-05-12,"T16",0,NA,NA,0,201.847916666667,0.709444444444444,64.32,31.96,1.13
"721",2024-05-12,"T17",0,NA,NA,0,201.847916666667,0.709444444444444,64.32,31.96,1.13
"722",2024-05-12,"T18",0,NA,NA,0,201.847916666667,0.709444444444444,64.32,31.96,1.13
"723",2024-05-12,"T19",0,6,"CrestedGibbons",1,201.847916666667,0.709444444444444,64.32,31.96,1.13
"724",2024-05-12,"T25",0,NA,NA,0,201.847916666667,0.709444444444444,64.32,31.96,1.13
"725",2024-05-12,"T27",0,NA,NA,0,201.847916666667,0.709444444444444,64.32,31.96,1.13
"726",2024-05-12,"T28",0,NA,NA,0,201.847916666667,0.709444444444444,64.32,31.96,1.13
"727",2024-05-12,"T32",0,5,"CrestedGibbons",1,201.847916666667,0.709444444444444,64.32,31.96,1.13
"728",2024-05-12,"T33",0,NA,NA,0,201.847916666667,0.709444444444444,64.32,31.96,1.13
"729",2024-05-12,"T34",3,NA,NA,0,201.847916666667,0.709444444444444,64.32,31.96,1.13
"730",2024-05-13,"T01",0,NA,NA,0,195.882638888889,0.767638888888889,65.6,31.53,4.26
"731",2024-05-13,"T02",0,NA,NA,0,195.882638888889,0.767638888888889,65.6,31.53,4.26
"732",2024-05-13,"T05",0,NA,NA,0,195.882638888889,0.767638888888889,65.6,31.53,4.26
"733",2024-05-13,"T06",0,5,"CrestedGibbons",1,195.882638888889,0.767638888888889,65.6,31.53,4.26
"734",2024-05-13,"T07",0,8,"CrestedGibbons",1,195.882638888889,0.767638888888889,65.6,31.53,4.26
"735",2024-05-13,"T08",0,NA,NA,0,195.882638888889,0.767638888888889,65.6,31.53,4.26
"736",2024-05-13,"T09",1,NA,NA,0,195.882638888889,0.767638888888889,65.6,31.53,4.26
"737",2024-05-13,"T10",0,NA,NA,0,195.882638888889,0.767638888888889,65.6,31.53,4.26
"738",2024-05-13,"T12",2,NA,NA,0,195.882638888889,0.767638888888889,65.6,31.53,4.26
"739",2024-05-13,"T15",6,NA,NA,0,195.882638888889,0.767638888888889,65.6,31.53,4.26
"740",2024-05-13,"T16",0,NA,NA,0,195.882638888889,0.767638888888889,65.6,31.53,4.26
"741",2024-05-13,"T17",1,NA,NA,0,195.882638888889,0.767638888888889,65.6,31.53,4.26
"742",2024-05-13,"T18",1,NA,NA,0,195.882638888889,0.767638888888889,65.6,31.53,4.26
"743",2024-05-13,"T19",0,NA,NA,0,195.882638888889,0.767638888888889,65.6,31.53,4.26
"744",2024-05-13,"T25",0,NA,NA,0,195.882638888889,0.767638888888889,65.6,31.53,4.26
"745",2024-05-13,"T27",1,NA,NA,0,195.882638888889,0.767638888888889,65.6,31.53,4.26
"746",2024-05-13,"T28",0,NA,NA,0,195.882638888889,0.767638888888889,65.6,31.53,4.26
"747",2024-05-13,"T32",0,12,"CrestedGibbons",1,195.882638888889,0.767638888888889,65.6,31.53,4.26
"748",2024-05-13,"T33",0,NA,NA,0,195.882638888889,0.767638888888889,65.6,31.53,4.26
"749",2024-05-13,"T34",0,NA,NA,0,195.882638888889,0.767638888888889,65.6,31.53,4.26
"750",2024-05-14,"T01",0,NA,NA,0,208.425,0.471527777777778,77.66,29.44,7.8
"751",2024-05-14,"T02",0,NA,NA,0,208.425,0.471527777777778,77.66,29.44,7.8
"752",2024-05-14,"T05",0,NA,NA,0,208.425,0.471527777777778,77.66,29.44,7.8
"753",2024-05-14,"T06",0,NA,NA,0,208.425,0.471527777777778,77.66,29.44,7.8
"754",2024-05-14,"T07",0,NA,NA,0,208.425,0.471527777777778,77.66,29.44,7.8
"755",2024-05-14,"T08",0,NA,NA,0,208.425,0.471527777777778,77.66,29.44,7.8
"756",2024-05-14,"T09",0,NA,NA,0,208.425,0.471527777777778,77.66,29.44,7.8
"757",2024-05-14,"T10",0,NA,NA,0,208.425,0.471527777777778,77.66,29.44,7.8
"758",2024-05-14,"T12",0,NA,NA,0,208.425,0.471527777777778,77.66,29.44,7.8
"759",2024-05-14,"T15",0,NA,NA,0,208.425,0.471527777777778,77.66,29.44,7.8
"760",2024-05-14,"T16",0,NA,NA,0,208.425,0.471527777777778,77.66,29.44,7.8
"761",2024-05-14,"T17",0,NA,NA,0,208.425,0.471527777777778,77.66,29.44,7.8
"762",2024-05-14,"T18",0,6,"CrestedGibbons",1,208.425,0.471527777777778,77.66,29.44,7.8
"763",2024-05-14,"T19",0,NA,NA,0,208.425,0.471527777777778,77.66,29.44,7.8
"764",2024-05-14,"T25",0,NA,NA,0,208.425,0.471527777777778,77.66,29.44,7.8
"765",2024-05-14,"T27",1,5,"CrestedGibbons",1,208.425,0.471527777777778,77.66,29.44,7.8
"766",2024-05-14,"T28",0,NA,NA,0,208.425,0.471527777777778,77.66,29.44,7.8
"767",2024-05-14,"T32",0,NA,NA,0,208.425,0.471527777777778,77.66,29.44,7.8
"768",2024-05-14,"T33",0,NA,NA,0,208.425,0.471527777777778,77.66,29.44,7.8
"769",2024-05-14,"T34",0,NA,NA,0,208.425,0.471527777777778,77.66,29.44,7.8
"770",2024-05-15,"T01",0,NA,NA,0,199.120138888889,0.824861111111111,70.45,30.52,0.78
"771",2024-05-15,"T02",0,NA,NA,0,199.120138888889,0.824861111111111,70.45,30.52,0.78
"772",2024-05-15,"T05",0,NA,NA,0,199.120138888889,0.824861111111111,70.45,30.52,0.78
"773",2024-05-15,"T06",0,5,"CrestedGibbons",1,199.120138888889,0.824861111111111,70.45,30.52,0.78
"774",2024-05-15,"T07",0,NA,NA,0,199.120138888889,0.824861111111111,70.45,30.52,0.78
"775",2024-05-15,"T08",0,NA,NA,0,199.120138888889,0.824861111111111,70.45,30.52,0.78
"776",2024-05-15,"T09",1,5,"CrestedGibbons",1,199.120138888889,0.824861111111111,70.45,30.52,0.78
"777",2024-05-15,"T10",0,NA,NA,0,199.120138888889,0.824861111111111,70.45,30.52,0.78
"778",2024-05-15,"T12",0,NA,NA,0,199.120138888889,0.824861111111111,70.45,30.52,0.78
"779",2024-05-15,"T15",0,5,"CrestedGibbons",1,199.120138888889,0.824861111111111,70.45,30.52,0.78
"780",2024-05-15,"T16",0,5,"CrestedGibbons",1,199.120138888889,0.824861111111111,70.45,30.52,0.78
"781",2024-05-15,"T17",0,NA,NA,0,199.120138888889,0.824861111111111,70.45,30.52,0.78
"782",2024-05-15,"T18",0,NA,NA,0,199.120138888889,0.824861111111111,70.45,30.52,0.78
"783",2024-05-15,"T19",0,NA,NA,0,199.120138888889,0.824861111111111,70.45,30.52,0.78
"784",2024-05-15,"T25",0,NA,NA,0,199.120138888889,0.824861111111111,70.45,30.52,0.78
"785",2024-05-15,"T27",0,5,"CrestedGibbons",1,199.120138888889,0.824861111111111,70.45,30.52,0.78
"786",2024-05-15,"T28",2,NA,NA,0,199.120138888889,0.824861111111111,70.45,30.52,0.78
"787",2024-05-15,"T32",0,12,"CrestedGibbons",1,199.120138888889,0.824861111111111,70.45,30.52,0.78
"788",2024-05-15,"T33",0,NA,NA,0,199.120138888889,0.824861111111111,70.45,30.52,0.78
"789",2024-05-15,"T34",0,NA,NA,0,199.120138888889,0.824861111111111,70.45,30.52,0.78
"790",2024-05-16,"T01",3,NA,NA,0,170.102083333333,0.543888888888889,69.39,30.44,23.8
"791",2024-05-16,"T02",0,5,"CrestedGibbons",1,170.102083333333,0.543888888888889,69.39,30.44,23.8
"792",2024-05-16,"T05",4,NA,NA,0,170.102083333333,0.543888888888889,69.39,30.44,23.8
"793",2024-05-16,"T06",0,6,"CrestedGibbons",1,170.102083333333,0.543888888888889,69.39,30.44,23.8
"794",2024-05-16,"T07",0,8,"CrestedGibbons",1,170.102083333333,0.543888888888889,69.39,30.44,23.8
"795",2024-05-16,"T08",0,NA,NA,0,170.102083333333,0.543888888888889,69.39,30.44,23.8
"796",2024-05-16,"T09",0,NA,NA,0,170.102083333333,0.543888888888889,69.39,30.44,23.8
"797",2024-05-16,"T10",0,NA,NA,0,170.102083333333,0.543888888888889,69.39,30.44,23.8
"798",2024-05-16,"T12",0,NA,NA,0,170.102083333333,0.543888888888889,69.39,30.44,23.8
"799",2024-05-16,"T15",0,7,"CrestedGibbons",1,170.102083333333,0.543888888888889,69.39,30.44,23.8
"800",2024-05-16,"T16",0,NA,NA,0,170.102083333333,0.543888888888889,69.39,30.44,23.8
"801",2024-05-16,"T17",0,NA,NA,0,170.102083333333,0.543888888888889,69.39,30.44,23.8
"802",2024-05-16,"T18",0,6,"CrestedGibbons",1,170.102083333333,0.543888888888889,69.39,30.44,23.8
"803",2024-05-16,"T19",0,NA,NA,0,170.102083333333,0.543888888888889,69.39,30.44,23.8
"804",2024-05-16,"T25",0,NA,NA,0,170.102083333333,0.543888888888889,69.39,30.44,23.8
"805",2024-05-16,"T27",0,NA,NA,0,170.102083333333,0.543888888888889,69.39,30.44,23.8
"806",2024-05-16,"T28",3,NA,NA,0,170.102083333333,0.543888888888889,69.39,30.44,23.8
"807",2024-05-16,"T32",4,NA,NA,0,170.102083333333,0.543888888888889,69.39,30.44,23.8
"808",2024-05-16,"T33",0,NA,NA,0,170.102083333333,0.543888888888889,69.39,30.44,23.8
"809",2024-05-16,"T34",0,NA,NA,0,170.102083333333,0.543888888888889,69.39,30.44,23.8
"810",2024-05-17,"T01",3,NA,NA,0,178.347916666667,0.653611111111111,85.37,27.7,3.84
"811",2024-05-17,"T02",0,NA,NA,0,178.347916666667,0.653611111111111,85.37,27.7,3.84
"812",2024-05-17,"T05",0,NA,NA,0,178.347916666667,0.653611111111111,85.37,27.7,3.84
"813",2024-05-17,"T06",0,NA,NA,0,178.347916666667,0.653611111111111,85.37,27.7,3.84
"814",2024-05-17,"T07",0,NA,NA,0,178.347916666667,0.653611111111111,85.37,27.7,3.84
"815",2024-05-17,"T08",0,NA,NA,0,178.347916666667,0.653611111111111,85.37,27.7,3.84
"816",2024-05-17,"T09",4,NA,NA,0,178.347916666667,0.653611111111111,85.37,27.7,3.84
"817",2024-05-17,"T10",0,NA,NA,0,178.347916666667,0.653611111111111,85.37,27.7,3.84
"818",2024-05-17,"T12",0,NA,NA,0,178.347916666667,0.653611111111111,85.37,27.7,3.84
"819",2024-05-17,"T15",2,5,"CrestedGibbons",1,178.347916666667,0.653611111111111,85.37,27.7,3.84
"820",2024-05-17,"T16",0,13,"CrestedGibbons",1,178.347916666667,0.653611111111111,85.37,27.7,3.84
"821",2024-05-17,"T17",0,NA,NA,0,178.347916666667,0.653611111111111,85.37,27.7,3.84
"822",2024-05-17,"T18",0,NA,NA,0,178.347916666667,0.653611111111111,85.37,27.7,3.84
"823",2024-05-17,"T19",0,5,"CrestedGibbons",1,178.347916666667,0.653611111111111,85.37,27.7,3.84
"824",2024-05-17,"T25",0,NA,NA,0,178.347916666667,0.653611111111111,85.37,27.7,3.84
"825",2024-05-17,"T27",0,NA,NA,0,178.347916666667,0.653611111111111,85.37,27.7,3.84
"826",2024-05-17,"T28",0,NA,NA,0,178.347916666667,0.653611111111111,85.37,27.7,3.84
"827",2024-05-17,"T32",0,7,"CrestedGibbons",1,178.347916666667,0.653611111111111,85.37,27.7,3.84
"828",2024-05-17,"T33",0,NA,NA,0,178.347916666667,0.653611111111111,85.37,27.7,3.84
"829",2024-05-17,"T34",0,NA,NA,0,178.347916666667,0.653611111111111,85.37,27.7,3.84
"830",2024-05-18,"T01",3,NA,NA,0,184.589583333333,0.703611111111111,78.51,28.97,6.56
"831",2024-05-18,"T02",0,NA,NA,0,184.589583333333,0.703611111111111,78.51,28.97,6.56
"832",2024-05-18,"T05",0,NA,NA,0,184.589583333333,0.703611111111111,78.51,28.97,6.56
"833",2024-05-18,"T06",0,NA,NA,0,184.589583333333,0.703611111111111,78.51,28.97,6.56
"834",2024-05-18,"T07",0,NA,NA,0,184.589583333333,0.703611111111111,78.51,28.97,6.56
"835",2024-05-18,"T08",0,NA,NA,0,184.589583333333,0.703611111111111,78.51,28.97,6.56
"836",2024-05-18,"T09",6,NA,NA,0,184.589583333333,0.703611111111111,78.51,28.97,6.56
"837",2024-05-18,"T10",0,NA,NA,0,184.589583333333,0.703611111111111,78.51,28.97,6.56
"838",2024-05-18,"T12",0,NA,NA,0,184.589583333333,0.703611111111111,78.51,28.97,6.56
"839",2024-05-18,"T15",1,NA,NA,0,184.589583333333,0.703611111111111,78.51,28.97,6.56
"840",2024-05-18,"T16",0,5,"CrestedGibbons",1,184.589583333333,0.703611111111111,78.51,28.97,6.56
"841",2024-05-18,"T17",0,NA,NA,0,184.589583333333,0.703611111111111,78.51,28.97,6.56
"842",2024-05-18,"T18",0,NA,NA,0,184.589583333333,0.703611111111111,78.51,28.97,6.56
"843",2024-05-18,"T19",0,NA,NA,0,184.589583333333,0.703611111111111,78.51,28.97,6.56
"844",2024-05-18,"T25",0,NA,NA,0,184.589583333333,0.703611111111111,78.51,28.97,6.56
"845",2024-05-18,"T27",0,5,"CrestedGibbons",1,184.589583333333,0.703611111111111,78.51,28.97,6.56
"846",2024-05-18,"T28",2,NA,NA,0,184.589583333333,0.703611111111111,78.51,28.97,6.56
"847",2024-05-18,"T32",0,NA,NA,0,184.589583333333,0.703611111111111,78.51,28.97,6.56
"848",2024-05-18,"T33",0,NA,NA,0,184.589583333333,0.703611111111111,78.51,28.97,6.56
"849",2024-05-18,"T34",0,NA,NA,0,184.589583333333,0.703611111111111,78.51,28.97,6.56
"850",2024-05-19,"T01",4,NA,NA,0,136.263888888889,0.793333333333333,83.72,28.67,38.59
"851",2024-05-19,"T02",0,NA,NA,0,136.263888888889,0.793333333333333,83.72,28.67,38.59
"852",2024-05-19,"T05",0,NA,NA,0,136.263888888889,0.793333333333333,83.72,28.67,38.59
"853",2024-05-19,"T06",0,5,"CrestedGibbons",1,136.263888888889,0.793333333333333,83.72,28.67,38.59
"854",2024-05-19,"T07",0,NA,NA,0,136.263888888889,0.793333333333333,83.72,28.67,38.59
"855",2024-05-19,"T08",0,NA,NA,0,136.263888888889,0.793333333333333,83.72,28.67,38.59
"856",2024-05-19,"T09",3,NA,NA,0,136.263888888889,0.793333333333333,83.72,28.67,38.59
"857",2024-05-19,"T10",0,NA,NA,0,136.263888888889,0.793333333333333,83.72,28.67,38.59
"858",2024-05-19,"T12",0,5,"CrestedGibbons",1,136.263888888889,0.793333333333333,83.72,28.67,38.59
"859",2024-05-19,"T15",6,NA,NA,0,136.263888888889,0.793333333333333,83.72,28.67,38.59
"860",2024-05-19,"T16",0,NA,NA,0,136.263888888889,0.793333333333333,83.72,28.67,38.59
"861",2024-05-19,"T17",0,NA,NA,0,136.263888888889,0.793333333333333,83.72,28.67,38.59
"862",2024-05-19,"T18",0,NA,NA,0,136.263888888889,0.793333333333333,83.72,28.67,38.59
"863",2024-05-19,"T19",0,NA,NA,0,136.263888888889,0.793333333333333,83.72,28.67,38.59
"864",2024-05-19,"T25",0,NA,NA,0,136.263888888889,0.793333333333333,83.72,28.67,38.59
"865",2024-05-19,"T27",0,NA,NA,0,136.263888888889,0.793333333333333,83.72,28.67,38.59
"866",2024-05-19,"T28",1,NA,NA,0,136.263888888889,0.793333333333333,83.72,28.67,38.59
"867",2024-05-19,"T32",3,12,"CrestedGibbons",1,136.263888888889,0.793333333333333,83.72,28.67,38.59
"868",2024-05-19,"T33",0,NA,NA,0,136.263888888889,0.793333333333333,83.72,28.67,38.59
"869",2024-05-19,"T34",0,NA,NA,0,136.263888888889,0.793333333333333,83.72,28.67,38.59
"870",2024-05-20,"T01",0,NA,NA,0,199.338194444444,0.954027777777778,77.55,29.63,3.63
"871",2024-05-20,"T02",0,NA,NA,0,199.338194444444,0.954027777777778,77.55,29.63,3.63
"872",2024-05-20,"T05",4,NA,NA,0,199.338194444444,0.954027777777778,77.55,29.63,3.63
"873",2024-05-20,"T06",0,NA,NA,0,199.338194444444,0.954027777777778,77.55,29.63,3.63
"874",2024-05-20,"T07",0,9,"CrestedGibbons",1,199.338194444444,0.954027777777778,77.55,29.63,3.63
"875",2024-05-20,"T08",0,NA,NA,0,199.338194444444,0.954027777777778,77.55,29.63,3.63
"876",2024-05-20,"T09",3,NA,NA,0,199.338194444444,0.954027777777778,77.55,29.63,3.63
"877",2024-05-20,"T10",0,8,"CrestedGibbons",1,199.338194444444,0.954027777777778,77.55,29.63,3.63
"878",2024-05-20,"T12",0,NA,NA,0,199.338194444444,0.954027777777778,77.55,29.63,3.63
"879",2024-05-20,"T15",3,NA,NA,0,199.338194444444,0.954027777777778,77.55,29.63,3.63
"880",2024-05-20,"T16",0,NA,NA,0,199.338194444444,0.954027777777778,77.55,29.63,3.63
"881",2024-05-20,"T17",0,NA,NA,0,199.338194444444,0.954027777777778,77.55,29.63,3.63
"882",2024-05-20,"T18",0,NA,NA,0,199.338194444444,0.954027777777778,77.55,29.63,3.63
"883",2024-05-20,"T19",0,NA,NA,0,199.338194444444,0.954027777777778,77.55,29.63,3.63
"884",2024-05-20,"T25",0,NA,NA,0,199.338194444444,0.954027777777778,77.55,29.63,3.63
"885",2024-05-20,"T27",0,7,"CrestedGibbons",1,199.338194444444,0.954027777777778,77.55,29.63,3.63
"886",2024-05-20,"T28",0,NA,NA,0,199.338194444444,0.954027777777778,77.55,29.63,3.63
"887",2024-05-20,"T32",0,11,"CrestedGibbons",1,199.338194444444,0.954027777777778,77.55,29.63,3.63
"888",2024-05-20,"T33",0,NA,NA,0,199.338194444444,0.954027777777778,77.55,29.63,3.63
"889",2024-05-20,"T34",0,NA,NA,0,199.338194444444,0.954027777777778,77.55,29.63,3.63
"890",2024-05-21,"T01",0,NA,NA,0,142.409722222222,0.548333333333333,85.39,28.2,12.96
"891",2024-05-21,"T02",0,NA,NA,0,142.409722222222,0.548333333333333,85.39,28.2,12.96
"892",2024-05-21,"T05",1,NA,NA,0,142.409722222222,0.548333333333333,85.39,28.2,12.96
"893",2024-05-21,"T06",0,NA,NA,0,142.409722222222,0.548333333333333,85.39,28.2,12.96
"894",2024-05-21,"T07",0,5,"CrestedGibbons",1,142.409722222222,0.548333333333333,85.39,28.2,12.96
"895",2024-05-21,"T08",0,NA,NA,0,142.409722222222,0.548333333333333,85.39,28.2,12.96
"896",2024-05-21,"T09",0,NA,NA,0,142.409722222222,0.548333333333333,85.39,28.2,12.96
"897",2024-05-21,"T10",0,NA,NA,0,142.409722222222,0.548333333333333,85.39,28.2,12.96
"898",2024-05-21,"T12",0,NA,NA,0,142.409722222222,0.548333333333333,85.39,28.2,12.96
"899",2024-05-21,"T15",7,NA,NA,0,142.409722222222,0.548333333333333,85.39,28.2,12.96
"900",2024-05-21,"T16",0,NA,NA,0,142.409722222222,0.548333333333333,85.39,28.2,12.96
"901",2024-05-21,"T17",0,NA,NA,0,142.409722222222,0.548333333333333,85.39,28.2,12.96
"902",2024-05-21,"T18",0,NA,NA,0,142.409722222222,0.548333333333333,85.39,28.2,12.96
"903",2024-05-21,"T19",0,NA,NA,0,142.409722222222,0.548333333333333,85.39,28.2,12.96
"904",2024-05-21,"T25",0,NA,NA,0,142.409722222222,0.548333333333333,85.39,28.2,12.96
"905",2024-05-21,"T27",0,NA,NA,0,142.409722222222,0.548333333333333,85.39,28.2,12.96
"906",2024-05-21,"T28",4,NA,NA,0,142.409722222222,0.548333333333333,85.39,28.2,12.96
"907",2024-05-21,"T32",4,NA,NA,0,142.409722222222,0.548333333333333,85.39,28.2,12.96
"908",2024-05-21,"T33",0,NA,NA,0,142.409722222222,0.548333333333333,85.39,28.2,12.96
"909",2024-05-21,"T34",0,NA,NA,0,142.409722222222,0.548333333333333,85.39,28.2,12.96
"910",2024-05-22,"T01",0,NA,NA,0,199.078472222222,0.689444444444444,77.82,29.09,0.82
"911",2024-05-22,"T02",0,7,"CrestedGibbons",1,199.078472222222,0.689444444444444,77.82,29.09,0.82
"912",2024-05-22,"T05",3,NA,NA,0,199.078472222222,0.689444444444444,77.82,29.09,0.82
"913",2024-05-22,"T06",0,NA,NA,0,199.078472222222,0.689444444444444,77.82,29.09,0.82
"914",2024-05-22,"T07",0,NA,NA,0,199.078472222222,0.689444444444444,77.82,29.09,0.82
"915",2024-05-22,"T08",0,NA,NA,0,199.078472222222,0.689444444444444,77.82,29.09,0.82
"916",2024-05-22,"T09",0,NA,NA,0,199.078472222222,0.689444444444444,77.82,29.09,0.82
"917",2024-05-22,"T10",0,NA,NA,0,199.078472222222,0.689444444444444,77.82,29.09,0.82
"918",2024-05-22,"T12",0,5,"CrestedGibbons",1,199.078472222222,0.689444444444444,77.82,29.09,0.82
"919",2024-05-22,"T15",5,5,"CrestedGibbons",1,199.078472222222,0.689444444444444,77.82,29.09,0.82
"920",2024-05-22,"T16",0,NA,NA,0,199.078472222222,0.689444444444444,77.82,29.09,0.82
"921",2024-05-22,"T17",0,5,"CrestedGibbons",1,199.078472222222,0.689444444444444,77.82,29.09,0.82
"922",2024-05-22,"T18",0,NA,NA,0,199.078472222222,0.689444444444444,77.82,29.09,0.82
"923",2024-05-22,"T19",0,NA,NA,0,199.078472222222,0.689444444444444,77.82,29.09,0.82
"924",2024-05-22,"T25",0,NA,NA,0,199.078472222222,0.689444444444444,77.82,29.09,0.82
"925",2024-05-22,"T27",0,NA,NA,0,199.078472222222,0.689444444444444,77.82,29.09,0.82
"926",2024-05-22,"T28",0,NA,NA,0,199.078472222222,0.689444444444444,77.82,29.09,0.82
"927",2024-05-22,"T32",0,5,"CrestedGibbons",1,199.078472222222,0.689444444444444,77.82,29.09,0.82
"928",2024-05-22,"T33",1,NA,NA,0,199.078472222222,0.689444444444444,77.82,29.09,0.82
"929",2024-05-22,"T34",0,NA,NA,0,199.078472222222,0.689444444444444,77.82,29.09,0.82
"930",2024-05-23,"T01",0,NA,NA,0,140.361805555556,0.709097222222222,82.47,28.39,12.66
"931",2024-05-23,"T02",0,NA,NA,0,140.361805555556,0.709097222222222,82.47,28.39,12.66
"932",2024-05-23,"T05",0,NA,NA,0,140.361805555556,0.709097222222222,82.47,28.39,12.66
"933",2024-05-23,"T06",0,5,"CrestedGibbons",1,140.361805555556,0.709097222222222,82.47,28.39,12.66
"934",2024-05-23,"T07",0,5,"CrestedGibbons",1,140.361805555556,0.709097222222222,82.47,28.39,12.66
"935",2024-05-23,"T08",0,NA,NA,0,140.361805555556,0.709097222222222,82.47,28.39,12.66
"936",2024-05-23,"T09",0,NA,NA,0,140.361805555556,0.709097222222222,82.47,28.39,12.66
"937",2024-05-23,"T10",0,NA,NA,0,140.361805555556,0.709097222222222,82.47,28.39,12.66
"938",2024-05-23,"T12",0,NA,NA,0,140.361805555556,0.709097222222222,82.47,28.39,12.66
"939",2024-05-23,"T15",6,NA,NA,0,140.361805555556,0.709097222222222,82.47,28.39,12.66
"940",2024-05-23,"T16",0,NA,NA,0,140.361805555556,0.709097222222222,82.47,28.39,12.66
"941",2024-05-23,"T17",0,NA,NA,0,140.361805555556,0.709097222222222,82.47,28.39,12.66
"942",2024-05-23,"T18",0,NA,NA,0,140.361805555556,0.709097222222222,82.47,28.39,12.66
"943",2024-05-23,"T19",0,NA,NA,0,140.361805555556,0.709097222222222,82.47,28.39,12.66
"944",2024-05-23,"T25",0,NA,NA,0,140.361805555556,0.709097222222222,82.47,28.39,12.66
"945",2024-05-23,"T27",0,NA,NA,0,140.361805555556,0.709097222222222,82.47,28.39,12.66
"946",2024-05-23,"T28",0,NA,NA,0,140.361805555556,0.709097222222222,82.47,28.39,12.66
"947",2024-05-23,"T32",1,NA,NA,0,140.361805555556,0.709097222222222,82.47,28.39,12.66
"948",2024-05-23,"T33",0,NA,NA,0,140.361805555556,0.709097222222222,82.47,28.39,12.66
"949",2024-05-23,"T34",0,NA,NA,0,140.361805555556,0.709097222222222,82.47,28.39,12.66
"950",2024-05-24,"T01",0,NA,NA,0,243.35,0.808888888888889,80.57,28.85,10.51
"951",2024-05-24,"T02",0,NA,NA,0,243.35,0.808888888888889,80.57,28.85,10.51
"952",2024-05-24,"T05",1,NA,NA,0,243.35,0.808888888888889,80.57,28.85,10.51
"953",2024-05-24,"T06",0,NA,NA,0,243.35,0.808888888888889,80.57,28.85,10.51
"954",2024-05-24,"T07",0,5,"CrestedGibbons",1,243.35,0.808888888888889,80.57,28.85,10.51
"955",2024-05-24,"T08",0,NA,NA,0,243.35,0.808888888888889,80.57,28.85,10.51
"956",2024-05-24,"T09",0,NA,NA,0,243.35,0.808888888888889,80.57,28.85,10.51
"957",2024-05-24,"T10",0,NA,NA,0,243.35,0.808888888888889,80.57,28.85,10.51
"958",2024-05-24,"T12",0,NA,NA,0,243.35,0.808888888888889,80.57,28.85,10.51
"959",2024-05-24,"T15",4,NA,NA,0,243.35,0.808888888888889,80.57,28.85,10.51
"960",2024-05-24,"T16",0,NA,NA,0,243.35,0.808888888888889,80.57,28.85,10.51
"961",2024-05-24,"T17",0,NA,NA,0,243.35,0.808888888888889,80.57,28.85,10.51
"962",2024-05-24,"T18",0,NA,NA,0,243.35,0.808888888888889,80.57,28.85,10.51
"963",2024-05-24,"T19",0,NA,NA,0,243.35,0.808888888888889,80.57,28.85,10.51
"964",2024-05-24,"T25",0,NA,NA,0,243.35,0.808888888888889,80.57,28.85,10.51
"965",2024-05-24,"T27",1,NA,NA,0,243.35,0.808888888888889,80.57,28.85,10.51
"966",2024-05-24,"T28",0,NA,NA,0,243.35,0.808888888888889,80.57,28.85,10.51
"967",2024-05-24,"T32",0,7,"CrestedGibbons",1,243.35,0.808888888888889,80.57,28.85,10.51
"968",2024-05-24,"T33",0,NA,NA,0,243.35,0.808888888888889,80.57,28.85,10.51
"969",2024-05-24,"T34",0,NA,NA,0,243.35,0.808888888888889,80.57,28.85,10.51
"970",2024-05-25,"T01",0,NA,NA,0,168.936805555555,0.719444444444445,77.93,28.81,4.35
"971",2024-05-25,"T02",0,NA,NA,0,168.936805555555,0.719444444444445,77.93,28.81,4.35
"972",2024-05-25,"T05",3,NA,NA,0,168.936805555555,0.719444444444445,77.93,28.81,4.35
"973",2024-05-25,"T06",0,NA,NA,0,168.936805555555,0.719444444444445,77.93,28.81,4.35
"974",2024-05-25,"T07",0,NA,NA,0,168.936805555555,0.719444444444445,77.93,28.81,4.35
"975",2024-05-25,"T08",0,NA,NA,0,168.936805555555,0.719444444444445,77.93,28.81,4.35
"976",2024-05-25,"T09",0,5,"CrestedGibbons",1,168.936805555555,0.719444444444445,77.93,28.81,4.35
"977",2024-05-25,"T10",2,NA,NA,0,168.936805555555,0.719444444444445,77.93,28.81,4.35
"978",2024-05-25,"T12",0,NA,NA,0,168.936805555555,0.719444444444445,77.93,28.81,4.35
"979",2024-05-25,"T15",0,NA,NA,0,168.936805555555,0.719444444444445,77.93,28.81,4.35
"980",2024-05-25,"T16",0,8,"CrestedGibbons",1,168.936805555555,0.719444444444445,77.93,28.81,4.35
"981",2024-05-25,"T17",0,6,"CrestedGibbons",1,168.936805555555,0.719444444444445,77.93,28.81,4.35
"982",2024-05-25,"T18",0,NA,NA,0,168.936805555555,0.719444444444445,77.93,28.81,4.35
"983",2024-05-25,"T19",0,NA,NA,0,168.936805555555,0.719444444444445,77.93,28.81,4.35
"984",2024-05-25,"T25",0,NA,NA,0,168.936805555555,0.719444444444445,77.93,28.81,4.35
"985",2024-05-25,"T27",0,NA,NA,0,168.936805555555,0.719444444444445,77.93,28.81,4.35
"986",2024-05-25,"T28",6,NA,NA,0,168.936805555555,0.719444444444445,77.93,28.81,4.35
"987",2024-05-25,"T32",0,8,"CrestedGibbons",1,168.936805555555,0.719444444444445,77.93,28.81,4.35
"988",2024-05-25,"T33",0,NA,NA,0,168.936805555555,0.719444444444445,77.93,28.81,4.35
"989",2024-05-25,"T34",0,NA,NA,0,168.936805555555,0.719444444444445,77.93,28.81,4.35
"990",2024-05-26,"T01",0,NA,NA,0,205.336111111111,0.617222222222222,76.01,29.46,0.19
"991",2024-05-26,"T02",0,NA,NA,0,205.336111111111,0.617222222222222,76.01,29.46,0.19
"992",2024-05-26,"T05",2,NA,NA,0,205.336111111111,0.617222222222222,76.01,29.46,0.19
"993",2024-05-26,"T06",0,NA,NA,0,205.336111111111,0.617222222222222,76.01,29.46,0.19
"994",2024-05-26,"T07",0,NA,NA,0,205.336111111111,0.617222222222222,76.01,29.46,0.19
"995",2024-05-26,"T08",0,NA,NA,0,205.336111111111,0.617222222222222,76.01,29.46,0.19
"996",2024-05-26,"T09",0,NA,NA,0,205.336111111111,0.617222222222222,76.01,29.46,0.19
"997",2024-05-26,"T10",0,5,"CrestedGibbons",1,205.336111111111,0.617222222222222,76.01,29.46,0.19
"998",2024-05-26,"T12",0,NA,NA,0,205.336111111111,0.617222222222222,76.01,29.46,0.19
"999",2024-05-26,"T15",1,NA,NA,0,205.336111111111,0.617222222222222,76.01,29.46,0.19
"1000",2024-05-26,"T16",0,5,"CrestedGibbons",1,205.336111111111,0.617222222222222,76.01,29.46,0.19
"1001",2024-05-26,"T17",0,NA,NA,0,205.336111111111,0.617222222222222,76.01,29.46,0.19
"1002",2024-05-26,"T18",0,NA,NA,0,205.336111111111,0.617222222222222,76.01,29.46,0.19
"1003",2024-05-26,"T19",0,NA,NA,0,205.336111111111,0.617222222222222,76.01,29.46,0.19
"1004",2024-05-26,"T25",0,NA,NA,0,205.336111111111,0.617222222222222,76.01,29.46,0.19
"1005",2024-05-26,"T27",0,NA,NA,0,205.336111111111,0.617222222222222,76.01,29.46,0.19
"1006",2024-05-26,"T28",1,NA,NA,0,205.336111111111,0.617222222222222,76.01,29.46,0.19
"1007",2024-05-26,"T32",0,13,"CrestedGibbons",1,205.336111111111,0.617222222222222,76.01,29.46,0.19
"1008",2024-05-26,"T33",0,NA,NA,0,205.336111111111,0.617222222222222,76.01,29.46,0.19
"1009",2024-05-26,"T34",0,NA,NA,0,205.336111111111,0.617222222222222,76.01,29.46,0.19
"1010",2024-05-27,"T01",0,NA,NA,0,215.5375,0.767777777777778,80.35,28.89,1.43
"1011",2024-05-27,"T02",0,NA,NA,0,215.5375,0.767777777777778,80.35,28.89,1.43
"1012",2024-05-27,"T05",0,5,"CrestedGibbons",1,215.5375,0.767777777777778,80.35,28.89,1.43
"1013",2024-05-27,"T06",0,NA,NA,0,215.5375,0.767777777777778,80.35,28.89,1.43
"1014",2024-05-27,"T07",0,NA,NA,0,215.5375,0.767777777777778,80.35,28.89,1.43
"1015",2024-05-27,"T08",0,NA,NA,0,215.5375,0.767777777777778,80.35,28.89,1.43
"1016",2024-05-27,"T09",2,NA,NA,0,215.5375,0.767777777777778,80.35,28.89,1.43
"1017",2024-05-27,"T10",0,NA,NA,0,215.5375,0.767777777777778,80.35,28.89,1.43
"1018",2024-05-27,"T12",0,NA,NA,0,215.5375,0.767777777777778,80.35,28.89,1.43
"1019",2024-05-27,"T15",0,NA,NA,0,215.5375,0.767777777777778,80.35,28.89,1.43
"1020",2024-05-27,"T16",0,NA,NA,0,215.5375,0.767777777777778,80.35,28.89,1.43
"1021",2024-05-27,"T17",1,5,"CrestedGibbons",1,215.5375,0.767777777777778,80.35,28.89,1.43
"1022",2024-05-27,"T18",0,NA,NA,0,215.5375,0.767777777777778,80.35,28.89,1.43
"1023",2024-05-27,"T19",0,NA,NA,0,215.5375,0.767777777777778,80.35,28.89,1.43
"1024",2024-05-27,"T25",0,NA,NA,0,215.5375,0.767777777777778,80.35,28.89,1.43
"1025",2024-05-27,"T27",0,NA,NA,0,215.5375,0.767777777777778,80.35,28.89,1.43
"1026",2024-05-27,"T28",1,NA,NA,0,215.5375,0.767777777777778,80.35,28.89,1.43
"1027",2024-05-27,"T32",0,NA,NA,0,215.5375,0.767777777777778,80.35,28.89,1.43
"1028",2024-05-27,"T33",1,NA,NA,0,215.5375,0.767777777777778,80.35,28.89,1.43
"1029",2024-05-27,"T34",0,NA,NA,0,215.5375,0.767777777777778,80.35,28.89,1.43
"1030",2024-05-28,"T01",0,NA,NA,0,125.986111111111,0.673194444444444,77.82,29.34,16.29
"1031",2024-05-28,"T02",0,7,"CrestedGibbons",1,125.986111111111,0.673194444444444,77.82,29.34,16.29
"1032",2024-05-28,"T05",5,NA,NA,0,125.986111111111,0.673194444444444,77.82,29.34,16.29
"1033",2024-05-28,"T06",0,NA,NA,0,125.986111111111,0.673194444444444,77.82,29.34,16.29
"1034",2024-05-28,"T07",0,NA,NA,0,125.986111111111,0.673194444444444,77.82,29.34,16.29
"1035",2024-05-28,"T08",0,NA,NA,0,125.986111111111,0.673194444444444,77.82,29.34,16.29
"1036",2024-05-28,"T09",5,NA,NA,0,125.986111111111,0.673194444444444,77.82,29.34,16.29
"1037",2024-05-28,"T10",0,NA,NA,0,125.986111111111,0.673194444444444,77.82,29.34,16.29
"1038",2024-05-28,"T12",0,6,"CrestedGibbons",1,125.986111111111,0.673194444444444,77.82,29.34,16.29
"1039",2024-05-28,"T15",0,NA,NA,0,125.986111111111,0.673194444444444,77.82,29.34,16.29
"1040",2024-05-28,"T16",0,NA,NA,0,125.986111111111,0.673194444444444,77.82,29.34,16.29
"1041",2024-05-28,"T17",0,NA,NA,0,125.986111111111,0.673194444444444,77.82,29.34,16.29
"1042",2024-05-28,"T18",0,NA,NA,0,125.986111111111,0.673194444444444,77.82,29.34,16.29
"1043",2024-05-28,"T19",0,NA,NA,0,125.986111111111,0.673194444444444,77.82,29.34,16.29
"1044",2024-05-28,"T25",0,NA,NA,0,125.986111111111,0.673194444444444,77.82,29.34,16.29
"1045",2024-05-28,"T27",0,NA,NA,0,125.986111111111,0.673194444444444,77.82,29.34,16.29
"1046",2024-05-28,"T28",0,NA,NA,0,125.986111111111,0.673194444444444,77.82,29.34,16.29
"1047",2024-05-28,"T32",0,NA,NA,0,125.986111111111,0.673194444444444,77.82,29.34,16.29
"1048",2024-05-28,"T33",1,NA,NA,0,125.986111111111,0.673194444444444,77.82,29.34,16.29
"1049",2024-05-28,"T34",0,NA,NA,0,125.986111111111,0.673194444444444,77.82,29.34,16.29
"1050",2024-05-29,"T01",0,NA,NA,0,69.0409722222222,0.37125,83.12,28.08,6.54
"1051",2024-05-29,"T02",0,6,"CrestedGibbons",1,69.0409722222222,0.37125,83.12,28.08,6.54
"1052",2024-05-29,"T05",0,NA,NA,0,69.0409722222222,0.37125,83.12,28.08,6.54
"1053",2024-05-29,"T06",0,NA,NA,0,69.0409722222222,0.37125,83.12,28.08,6.54
"1054",2024-05-29,"T07",0,5,"CrestedGibbons",1,69.0409722222222,0.37125,83.12,28.08,6.54
"1055",2024-05-29,"T08",0,NA,NA,0,69.0409722222222,0.37125,83.12,28.08,6.54
"1056",2024-05-29,"T09",0,NA,NA,0,69.0409722222222,0.37125,83.12,28.08,6.54
"1057",2024-05-29,"T10",0,NA,NA,0,69.0409722222222,0.37125,83.12,28.08,6.54
"1058",2024-05-29,"T12",0,NA,NA,0,69.0409722222222,0.37125,83.12,28.08,6.54
"1059",2024-05-29,"T15",0,NA,NA,0,69.0409722222222,0.37125,83.12,28.08,6.54
"1060",2024-05-29,"T16",0,NA,NA,0,69.0409722222222,0.37125,83.12,28.08,6.54
"1061",2024-05-29,"T17",0,NA,NA,0,69.0409722222222,0.37125,83.12,28.08,6.54
"1062",2024-05-29,"T18",0,NA,NA,0,69.0409722222222,0.37125,83.12,28.08,6.54
"1063",2024-05-29,"T19",0,5,"CrestedGibbons",1,69.0409722222222,0.37125,83.12,28.08,6.54
"1064",2024-05-29,"T25",0,NA,NA,0,69.0409722222222,0.37125,83.12,28.08,6.54
"1065",2024-05-29,"T27",0,NA,NA,0,69.0409722222222,0.37125,83.12,28.08,6.54
"1066",2024-05-29,"T28",1,NA,NA,0,69.0409722222222,0.37125,83.12,28.08,6.54
"1067",2024-05-29,"T32",0,NA,NA,0,69.0409722222222,0.37125,83.12,28.08,6.54
"1068",2024-05-29,"T33",0,NA,NA,0,69.0409722222222,0.37125,83.12,28.08,6.54
"1069",2024-05-29,"T34",0,NA,NA,0,69.0409722222222,0.37125,83.12,28.08,6.54
"1070",2024-05-30,"T01",0,NA,NA,0,NA,NA,87.32,27.15,11.56
"1071",2024-05-30,"T02",0,NA,NA,0,NA,NA,87.32,27.15,11.56
"1072",2024-05-30,"T05",0,NA,NA,0,NA,NA,87.32,27.15,11.56
"1073",2024-05-30,"T06",0,NA,NA,0,NA,NA,87.32,27.15,11.56
"1074",2024-05-30,"T07",0,NA,NA,0,NA,NA,87.32,27.15,11.56
"1075",2024-05-30,"T08",0,NA,NA,0,NA,NA,87.32,27.15,11.56
"1076",2024-05-30,"T09",6,NA,NA,0,NA,NA,87.32,27.15,11.56
"1077",2024-05-30,"T10",0,7,"CrestedGibbons",1,NA,NA,87.32,27.15,11.56
"1078",2024-05-30,"T12",0,NA,NA,0,NA,NA,87.32,27.15,11.56
"1079",2024-05-30,"T15",0,NA,NA,0,NA,NA,87.32,27.15,11.56
"1080",2024-05-30,"T16",0,NA,NA,0,NA,NA,87.32,27.15,11.56
"1081",2024-05-30,"T17",0,NA,NA,0,NA,NA,87.32,27.15,11.56
"1082",2024-05-30,"T18",0,NA,NA,0,NA,NA,87.32,27.15,11.56
"1083",2024-05-30,"T19",0,NA,NA,0,NA,NA,87.32,27.15,11.56
"1084",2024-05-30,"T25",0,NA,NA,0,NA,NA,87.32,27.15,11.56
"1085",2024-05-30,"T27",0,NA,NA,0,NA,NA,87.32,27.15,11.56
"1086",2024-05-30,"T28",0,NA,NA,0,NA,NA,87.32,27.15,11.56
"1087",2024-05-30,"T32",0,NA,NA,0,NA,NA,87.32,27.15,11.56
"1088",2024-05-30,"T33",0,NA,NA,0,NA,NA,87.32,27.15,11.56
"1089",2024-05-30,"T34",0,NA,NA,0,NA,NA,87.32,27.15,11.56
"1090",2024-05-31,"T01",0,NA,NA,0,133.197222222222,0.82875,87.02,27.39,8.67
"1091",2024-05-31,"T02",0,NA,NA,0,133.197222222222,0.82875,87.02,27.39,8.67
"1092",2024-05-31,"T05",1,NA,NA,0,133.197222222222,0.82875,87.02,27.39,8.67
"1093",2024-05-31,"T06",0,NA,NA,0,133.197222222222,0.82875,87.02,27.39,8.67
"1094",2024-05-31,"T07",0,NA,NA,0,133.197222222222,0.82875,87.02,27.39,8.67
"1095",2024-05-31,"T08",0,NA,NA,0,133.197222222222,0.82875,87.02,27.39,8.67
"1096",2024-05-31,"T09",0,NA,NA,0,133.197222222222,0.82875,87.02,27.39,8.67
"1097",2024-05-31,"T10",0,NA,NA,0,133.197222222222,0.82875,87.02,27.39,8.67
"1098",2024-05-31,"T12",0,NA,NA,0,133.197222222222,0.82875,87.02,27.39,8.67
"1099",2024-05-31,"T15",0,5,"CrestedGibbons",1,133.197222222222,0.82875,87.02,27.39,8.67
"1100",2024-05-31,"T16",0,NA,NA,0,133.197222222222,0.82875,87.02,27.39,8.67
"1101",2024-05-31,"T17",0,NA,NA,0,133.197222222222,0.82875,87.02,27.39,8.67
"1102",2024-05-31,"T18",0,NA,NA,0,133.197222222222,0.82875,87.02,27.39,8.67
"1103",2024-05-31,"T19",0,NA,NA,0,133.197222222222,0.82875,87.02,27.39,8.67
"1104",2024-05-31,"T25",0,NA,NA,0,133.197222222222,0.82875,87.02,27.39,8.67
"1105",2024-05-31,"T27",0,NA,NA,0,133.197222222222,0.82875,87.02,27.39,8.67
"1106",2024-05-31,"T28",0,NA,NA,0,133.197222222222,0.82875,87.02,27.39,8.67
"1107",2024-05-31,"T32",0,NA,NA,0,133.197222222222,0.82875,87.02,27.39,8.67
"1108",2024-05-31,"T33",0,NA,NA,0,133.197222222222,0.82875,87.02,27.39,8.67
"1109",2024-05-31,"T34",0,NA,NA,0,133.197222222222,0.82875,87.02,27.39,8.67
"1110",2024-06-01,"T01",0,NA,NA,0,213.791666666667,0.819305555555556,84.53,27.77,10.54
"1111",2024-06-01,"T02",0,NA,NA,0,213.791666666667,0.819305555555556,84.53,27.77,10.54
"1112",2024-06-01,"T05",1,NA,NA,0,213.791666666667,0.819305555555556,84.53,27.77,10.54
"1113",2024-06-01,"T06",0,NA,NA,0,213.791666666667,0.819305555555556,84.53,27.77,10.54
"1114",2024-06-01,"T07",0,NA,NA,0,213.791666666667,0.819305555555556,84.53,27.77,10.54
"1115",2024-06-01,"T08",0,5,"CrestedGibbons",1,213.791666666667,0.819305555555556,84.53,27.77,10.54
"1116",2024-06-01,"T09",4,NA,NA,0,213.791666666667,0.819305555555556,84.53,27.77,10.54
"1117",2024-06-01,"T10",0,NA,NA,0,213.791666666667,0.819305555555556,84.53,27.77,10.54
"1118",2024-06-01,"T12",0,NA,NA,0,213.791666666667,0.819305555555556,84.53,27.77,10.54
"1119",2024-06-01,"T15",0,NA,NA,0,213.791666666667,0.819305555555556,84.53,27.77,10.54
"1120",2024-06-01,"T16",0,5,"CrestedGibbons",1,213.791666666667,0.819305555555556,84.53,27.77,10.54
"1121",2024-06-01,"T17",0,6,"CrestedGibbons",1,213.791666666667,0.819305555555556,84.53,27.77,10.54
"1122",2024-06-01,"T18",0,NA,NA,0,213.791666666667,0.819305555555556,84.53,27.77,10.54
"1123",2024-06-01,"T19",0,NA,NA,0,213.791666666667,0.819305555555556,84.53,27.77,10.54
"1124",2024-06-01,"T25",0,NA,NA,0,213.791666666667,0.819305555555556,84.53,27.77,10.54
"1125",2024-06-01,"T27",0,NA,NA,0,213.791666666667,0.819305555555556,84.53,27.77,10.54
"1126",2024-06-01,"T28",1,NA,NA,0,213.791666666667,0.819305555555556,84.53,27.77,10.54
"1127",2024-06-01,"T32",0,NA,NA,0,213.791666666667,0.819305555555556,84.53,27.77,10.54
"1128",2024-06-01,"T33",1,NA,NA,0,213.791666666667,0.819305555555556,84.53,27.77,10.54
"1129",2024-06-01,"T34",0,NA,NA,0,213.791666666667,0.819305555555556,84.53,27.77,10.54
"1130",2024-06-02,"T01",0,NA,NA,0,175.631944444445,0.507777777777778,76.34,29.05,1.78
"1131",2024-06-02,"T02",0,NA,NA,0,175.631944444445,0.507777777777778,76.34,29.05,1.78
"1132",2024-06-02,"T05",1,NA,NA,0,175.631944444445,0.507777777777778,76.34,29.05,1.78
"1133",2024-06-02,"T06",0,NA,NA,0,175.631944444445,0.507777777777778,76.34,29.05,1.78
"1134",2024-06-02,"T07",0,NA,NA,0,175.631944444445,0.507777777777778,76.34,29.05,1.78
"1135",2024-06-02,"T08",0,NA,NA,0,175.631944444445,0.507777777777778,76.34,29.05,1.78
"1136",2024-06-02,"T09",10,NA,NA,0,175.631944444445,0.507777777777778,76.34,29.05,1.78
"1137",2024-06-02,"T10",0,5,"CrestedGibbons",1,175.631944444445,0.507777777777778,76.34,29.05,1.78
"1138",2024-06-02,"T12",0,NA,NA,0,175.631944444445,0.507777777777778,76.34,29.05,1.78
"1139",2024-06-02,"T15",0,NA,NA,0,175.631944444445,0.507777777777778,76.34,29.05,1.78
"1140",2024-06-02,"T16",0,NA,NA,0,175.631944444445,0.507777777777778,76.34,29.05,1.78
"1141",2024-06-02,"T17",0,NA,NA,0,175.631944444445,0.507777777777778,76.34,29.05,1.78
"1142",2024-06-02,"T18",0,NA,NA,0,175.631944444445,0.507777777777778,76.34,29.05,1.78
"1143",2024-06-02,"T19",0,NA,NA,0,175.631944444445,0.507777777777778,76.34,29.05,1.78
"1144",2024-06-02,"T25",0,NA,NA,0,175.631944444445,0.507777777777778,76.34,29.05,1.78
"1145",2024-06-02,"T27",0,NA,NA,0,175.631944444445,0.507777777777778,76.34,29.05,1.78
"1146",2024-06-02,"T28",0,NA,NA,0,175.631944444445,0.507777777777778,76.34,29.05,1.78
"1147",2024-06-02,"T32",0,5,"CrestedGibbons",1,175.631944444445,0.507777777777778,76.34,29.05,1.78
"1148",2024-06-02,"T33",0,NA,NA,0,175.631944444445,0.507777777777778,76.34,29.05,1.78
"1149",2024-06-02,"T34",0,NA,NA,0,175.631944444445,0.507777777777778,76.34,29.05,1.78
"1150",2024-06-03,"T01",0,NA,NA,0,222.549305555556,0.700694444444445,83.07,27.67,5.51
"1151",2024-06-03,"T02",0,8,"CrestedGibbons",1,222.549305555556,0.700694444444445,83.07,27.67,5.51
"1152",2024-06-03,"T05",3,NA,NA,0,222.549305555556,0.700694444444445,83.07,27.67,5.51
"1153",2024-06-03,"T06",0,8,"CrestedGibbons",1,222.549305555556,0.700694444444445,83.07,27.67,5.51
"1154",2024-06-03,"T07",0,5,"CrestedGibbons",1,222.549305555556,0.700694444444445,83.07,27.67,5.51
"1155",2024-06-03,"T08",0,NA,NA,0,222.549305555556,0.700694444444445,83.07,27.67,5.51
"1156",2024-06-03,"T09",1,NA,NA,0,222.549305555556,0.700694444444445,83.07,27.67,5.51
"1157",2024-06-03,"T10",0,NA,NA,0,222.549305555556,0.700694444444445,83.07,27.67,5.51
"1158",2024-06-03,"T12",0,NA,NA,0,222.549305555556,0.700694444444445,83.07,27.67,5.51
"1159",2024-06-03,"T15",0,NA,NA,0,222.549305555556,0.700694444444445,83.07,27.67,5.51
"1160",2024-06-03,"T16",0,NA,NA,0,222.549305555556,0.700694444444445,83.07,27.67,5.51
"1161",2024-06-03,"T17",0,7,"CrestedGibbons",1,222.549305555556,0.700694444444445,83.07,27.67,5.51
"1162",2024-06-03,"T18",0,NA,NA,0,222.549305555556,0.700694444444445,83.07,27.67,5.51
"1163",2024-06-03,"T19",0,NA,NA,0,222.549305555556,0.700694444444445,83.07,27.67,5.51
"1164",2024-06-03,"T25",0,NA,NA,0,222.549305555556,0.700694444444445,83.07,27.67,5.51
"1165",2024-06-03,"T27",0,5,"CrestedGibbons",1,222.549305555556,0.700694444444445,83.07,27.67,5.51
"1166",2024-06-03,"T28",3,NA,NA,0,222.549305555556,0.700694444444445,83.07,27.67,5.51
"1167",2024-06-03,"T32",0,NA,NA,0,222.549305555556,0.700694444444445,83.07,27.67,5.51
"1168",2024-06-03,"T33",2,NA,NA,0,222.549305555556,0.700694444444445,83.07,27.67,5.51
"1169",2024-06-03,"T34",0,NA,NA,0,222.549305555556,0.700694444444445,83.07,27.67,5.51
"1170",2024-06-04,"T01",0,NA,NA,0,210.179861111111,0.519166666666667,76.65,29,1.35
"1171",2024-06-04,"T02",0,NA,NA,0,210.179861111111,0.519166666666667,76.65,29,1.35
"1172",2024-06-04,"T05",6,NA,NA,0,210.179861111111,0.519166666666667,76.65,29,1.35
"1173",2024-06-04,"T06",0,NA,NA,0,210.179861111111,0.519166666666667,76.65,29,1.35
"1174",2024-06-04,"T07",0,NA,NA,0,210.179861111111,0.519166666666667,76.65,29,1.35
"1175",2024-06-04,"T08",3,NA,NA,0,210.179861111111,0.519166666666667,76.65,29,1.35
"1176",2024-06-04,"T09",10,NA,NA,0,210.179861111111,0.519166666666667,76.65,29,1.35
"1177",2024-06-04,"T10",0,5,"CrestedGibbons",1,210.179861111111,0.519166666666667,76.65,29,1.35
"1178",2024-06-04,"T12",0,NA,NA,0,210.179861111111,0.519166666666667,76.65,29,1.35
"1179",2024-06-04,"T15",0,NA,NA,0,210.179861111111,0.519166666666667,76.65,29,1.35
"1180",2024-06-04,"T16",0,NA,NA,0,210.179861111111,0.519166666666667,76.65,29,1.35
"1181",2024-06-04,"T17",0,NA,NA,0,210.179861111111,0.519166666666667,76.65,29,1.35
"1182",2024-06-04,"T18",0,NA,NA,0,210.179861111111,0.519166666666667,76.65,29,1.35
"1183",2024-06-04,"T19",0,NA,NA,0,210.179861111111,0.519166666666667,76.65,29,1.35
"1184",2024-06-04,"T25",0,NA,NA,0,210.179861111111,0.519166666666667,76.65,29,1.35
"1185",2024-06-04,"T27",0,NA,NA,0,210.179861111111,0.519166666666667,76.65,29,1.35
"1186",2024-06-04,"T28",0,NA,NA,0,210.179861111111,0.519166666666667,76.65,29,1.35
"1187",2024-06-04,"T32",0,NA,NA,0,210.179861111111,0.519166666666667,76.65,29,1.35
"1188",2024-06-04,"T33",1,NA,NA,0,210.179861111111,0.519166666666667,76.65,29,1.35
"1189",2024-06-04,"T34",0,NA,NA,0,210.179861111111,0.519166666666667,76.65,29,1.35
"1190",2024-06-05,"T01",0,NA,NA,0,108.027083333333,0.786527777777778,81.51,28.21,0.22
"1191",2024-06-05,"T02",0,NA,NA,0,108.027083333333,0.786527777777778,81.51,28.21,0.22
"1192",2024-06-05,"T05",0,NA,NA,0,108.027083333333,0.786527777777778,81.51,28.21,0.22
"1193",2024-06-05,"T06",0,NA,NA,0,108.027083333333,0.786527777777778,81.51,28.21,0.22
"1194",2024-06-05,"T07",0,NA,NA,0,108.027083333333,0.786527777777778,81.51,28.21,0.22
"1195",2024-06-05,"T08",1,NA,NA,0,108.027083333333,0.786527777777778,81.51,28.21,0.22
"1196",2024-06-05,"T09",3,NA,NA,0,108.027083333333,0.786527777777778,81.51,28.21,0.22
"1197",2024-06-05,"T10",0,NA,NA,0,108.027083333333,0.786527777777778,81.51,28.21,0.22
"1198",2024-06-05,"T12",0,NA,NA,0,108.027083333333,0.786527777777778,81.51,28.21,0.22
"1199",2024-06-05,"T15",0,5,"CrestedGibbons",1,108.027083333333,0.786527777777778,81.51,28.21,0.22
"1200",2024-06-05,"T16",0,NA,NA,0,108.027083333333,0.786527777777778,81.51,28.21,0.22
"1201",2024-06-05,"T17",0,NA,NA,0,108.027083333333,0.786527777777778,81.51,28.21,0.22
"1202",2024-06-05,"T18",0,NA,NA,0,108.027083333333,0.786527777777778,81.51,28.21,0.22
"1203",2024-06-05,"T19",0,NA,NA,0,108.027083333333,0.786527777777778,81.51,28.21,0.22
"1204",2024-06-05,"T25",0,NA,NA,0,108.027083333333,0.786527777777778,81.51,28.21,0.22
"1205",2024-06-05,"T27",2,5,"CrestedGibbons",1,108.027083333333,0.786527777777778,81.51,28.21,0.22
"1206",2024-06-05,"T28",0,NA,NA,0,108.027083333333,0.786527777777778,81.51,28.21,0.22
"1207",2024-06-05,"T32",0,8,"CrestedGibbons",1,108.027083333333,0.786527777777778,81.51,28.21,0.22
"1208",2024-06-05,"T33",1,NA,NA,0,108.027083333333,0.786527777777778,81.51,28.21,0.22
"1209",2024-06-05,"T34",0,NA,NA,0,108.027083333333,0.786527777777778,81.51,28.21,0.22
"1210",2024-06-06,"T01",0,NA,NA,0,132.533333333333,0.295277777777778,82.92,27.5,0.74
"1211",2024-06-06,"T02",0,NA,NA,0,132.533333333333,0.295277777777778,82.92,27.5,0.74
"1212",2024-06-06,"T05",1,NA,NA,0,132.533333333333,0.295277777777778,82.92,27.5,0.74
"1213",2024-06-06,"T06",0,NA,NA,0,132.533333333333,0.295277777777778,82.92,27.5,0.74
"1214",2024-06-06,"T07",0,5,"CrestedGibbons",1,132.533333333333,0.295277777777778,82.92,27.5,0.74
"1215",2024-06-06,"T08",1,5,"CrestedGibbons",1,132.533333333333,0.295277777777778,82.92,27.5,0.74
"1216",2024-06-06,"T09",0,NA,NA,0,132.533333333333,0.295277777777778,82.92,27.5,0.74
"1217",2024-06-06,"T10",0,NA,NA,0,132.533333333333,0.295277777777778,82.92,27.5,0.74
"1218",2024-06-06,"T12",0,NA,NA,0,132.533333333333,0.295277777777778,82.92,27.5,0.74
"1219",2024-06-06,"T15",2,NA,NA,0,132.533333333333,0.295277777777778,82.92,27.5,0.74
"1220",2024-06-06,"T16",0,NA,NA,0,132.533333333333,0.295277777777778,82.92,27.5,0.74
"1221",2024-06-06,"T17",0,NA,NA,0,132.533333333333,0.295277777777778,82.92,27.5,0.74
"1222",2024-06-06,"T18",2,NA,NA,0,132.533333333333,0.295277777777778,82.92,27.5,0.74
"1223",2024-06-06,"T19",1,NA,NA,0,132.533333333333,0.295277777777778,82.92,27.5,0.74
"1224",2024-06-06,"T25",0,NA,NA,0,132.533333333333,0.295277777777778,82.92,27.5,0.74
"1225",2024-06-06,"T27",0,NA,NA,0,132.533333333333,0.295277777777778,82.92,27.5,0.74
"1226",2024-06-06,"T28",0,NA,NA,0,132.533333333333,0.295277777777778,82.92,27.5,0.74
"1227",2024-06-06,"T32",0,11,"CrestedGibbons",1,132.533333333333,0.295277777777778,82.92,27.5,0.74
"1228",2024-06-06,"T33",1,NA,NA,0,132.533333333333,0.295277777777778,82.92,27.5,0.74
"1229",2024-06-06,"T34",0,NA,NA,0,132.533333333333,0.295277777777778,82.92,27.5,0.74
"1230",2024-06-07,"T01",0,NA,NA,0,188.372916666666,0.793541666666667,73.54,29.22,0.16
"1231",2024-06-07,"T02",0,NA,NA,0,188.372916666666,0.793541666666667,73.54,29.22,0.16
"1232",2024-06-07,"T05",0,NA,NA,0,188.372916666666,0.793541666666667,73.54,29.22,0.16
"1233",2024-06-07,"T06",0,5,"CrestedGibbons",1,188.372916666666,0.793541666666667,73.54,29.22,0.16
"1234",2024-06-07,"T07",0,6,"CrestedGibbons",1,188.372916666666,0.793541666666667,73.54,29.22,0.16
"1235",2024-06-07,"T08",0,NA,NA,0,188.372916666666,0.793541666666667,73.54,29.22,0.16
"1236",2024-06-07,"T09",6,NA,NA,0,188.372916666666,0.793541666666667,73.54,29.22,0.16
"1237",2024-06-07,"T10",0,NA,NA,0,188.372916666666,0.793541666666667,73.54,29.22,0.16
"1238",2024-06-07,"T12",0,NA,NA,0,188.372916666666,0.793541666666667,73.54,29.22,0.16
"1239",2024-06-07,"T15",1,NA,NA,0,188.372916666666,0.793541666666667,73.54,29.22,0.16
"1240",2024-06-07,"T16",0,NA,NA,0,188.372916666666,0.793541666666667,73.54,29.22,0.16
"1241",2024-06-07,"T17",0,NA,NA,0,188.372916666666,0.793541666666667,73.54,29.22,0.16
"1242",2024-06-07,"T18",6,NA,NA,0,188.372916666666,0.793541666666667,73.54,29.22,0.16
"1243",2024-06-07,"T19",0,NA,NA,0,188.372916666666,0.793541666666667,73.54,29.22,0.16
"1244",2024-06-07,"T25",0,NA,NA,0,188.372916666666,0.793541666666667,73.54,29.22,0.16
"1245",2024-06-07,"T27",0,NA,NA,0,188.372916666666,0.793541666666667,73.54,29.22,0.16
"1246",2024-06-07,"T28",0,NA,NA,0,188.372916666666,0.793541666666667,73.54,29.22,0.16
"1247",2024-06-07,"T32",0,11,"CrestedGibbons",1,188.372916666666,0.793541666666667,73.54,29.22,0.16
"1248",2024-06-07,"T33",0,NA,NA,0,188.372916666666,0.793541666666667,73.54,29.22,0.16
"1249",2024-06-07,"T34",0,NA,NA,0,188.372916666666,0.793541666666667,73.54,29.22,0.16
"1250",2024-06-08,"T01",0,NA,NA,0,149.225,0.559861111111111,81.83,27.93,8.93
"1251",2024-06-08,"T02",1,NA,NA,0,149.225,0.559861111111111,81.83,27.93,8.93
"1252",2024-06-08,"T05",2,NA,NA,0,149.225,0.559861111111111,81.83,27.93,8.93
"1253",2024-06-08,"T06",0,NA,NA,0,149.225,0.559861111111111,81.83,27.93,8.93
"1254",2024-06-08,"T07",0,5,"CrestedGibbons",1,149.225,0.559861111111111,81.83,27.93,8.93
"1255",2024-06-08,"T08",3,NA,NA,0,149.225,0.559861111111111,81.83,27.93,8.93
"1256",2024-06-08,"T09",4,NA,NA,0,149.225,0.559861111111111,81.83,27.93,8.93
"1257",2024-06-08,"T10",0,NA,NA,0,149.225,0.559861111111111,81.83,27.93,8.93
"1258",2024-06-08,"T12",7,NA,NA,0,149.225,0.559861111111111,81.83,27.93,8.93
"1259",2024-06-08,"T15",4,NA,NA,0,149.225,0.559861111111111,81.83,27.93,8.93
"1260",2024-06-08,"T16",0,NA,NA,0,149.225,0.559861111111111,81.83,27.93,8.93
"1261",2024-06-08,"T17",5,5,"CrestedGibbons",1,149.225,0.559861111111111,81.83,27.93,8.93
"1262",2024-06-08,"T18",0,6,"CrestedGibbons",1,149.225,0.559861111111111,81.83,27.93,8.93
"1263",2024-06-08,"T19",0,NA,NA,0,149.225,0.559861111111111,81.83,27.93,8.93
"1264",2024-06-08,"T25",0,NA,NA,0,149.225,0.559861111111111,81.83,27.93,8.93
"1265",2024-06-08,"T27",0,NA,NA,0,149.225,0.559861111111111,81.83,27.93,8.93
"1266",2024-06-08,"T28",0,NA,NA,0,149.225,0.559861111111111,81.83,27.93,8.93
"1267",2024-06-08,"T32",0,5,"CrestedGibbons",1,149.225,0.559861111111111,81.83,27.93,8.93
"1268",2024-06-08,"T33",1,NA,NA,0,149.225,0.559861111111111,81.83,27.93,8.93
"1269",2024-06-08,"T34",0,NA,NA,0,149.225,0.559861111111111,81.83,27.93,8.93
"1270",2024-06-09,"T01",0,NA,NA,0,127.976388888889,1.06236111111111,93.7,26.21,24.23
"1271",2024-06-09,"T02",0,NA,NA,0,127.976388888889,1.06236111111111,93.7,26.21,24.23
"1272",2024-06-09,"T05",13,NA,NA,0,127.976388888889,1.06236111111111,93.7,26.21,24.23
"1273",2024-06-09,"T06",0,NA,NA,0,127.976388888889,1.06236111111111,93.7,26.21,24.23
"1274",2024-06-09,"T07",0,NA,NA,0,127.976388888889,1.06236111111111,93.7,26.21,24.23
"1275",2024-06-09,"T08",2,NA,NA,0,127.976388888889,1.06236111111111,93.7,26.21,24.23
"1276",2024-06-09,"T09",6,NA,NA,0,127.976388888889,1.06236111111111,93.7,26.21,24.23
"1277",2024-06-09,"T10",0,NA,NA,0,127.976388888889,1.06236111111111,93.7,26.21,24.23
"1278",2024-06-09,"T12",5,NA,NA,0,127.976388888889,1.06236111111111,93.7,26.21,24.23
"1279",2024-06-09,"T15",0,NA,NA,0,127.976388888889,1.06236111111111,93.7,26.21,24.23
"1280",2024-06-09,"T16",0,NA,NA,0,127.976388888889,1.06236111111111,93.7,26.21,24.23
"1281",2024-06-09,"T17",0,NA,NA,0,127.976388888889,1.06236111111111,93.7,26.21,24.23
"1282",2024-06-09,"T18",0,NA,NA,0,127.976388888889,1.06236111111111,93.7,26.21,24.23
"1283",2024-06-09,"T19",0,5,"CrestedGibbons",1,127.976388888889,1.06236111111111,93.7,26.21,24.23
"1284",2024-06-09,"T25",0,NA,NA,0,127.976388888889,1.06236111111111,93.7,26.21,24.23
"1285",2024-06-09,"T27",0,5,"CrestedGibbons",1,127.976388888889,1.06236111111111,93.7,26.21,24.23
"1286",2024-06-09,"T28",0,NA,NA,0,127.976388888889,1.06236111111111,93.7,26.21,24.23
"1287",2024-06-09,"T32",0,NA,NA,0,127.976388888889,1.06236111111111,93.7,26.21,24.23
"1288",2024-06-09,"T33",0,NA,NA,0,127.976388888889,1.06236111111111,93.7,26.21,24.23
"1289",2024-06-09,"T34",3,NA,NA,0,127.976388888889,1.06236111111111,93.7,26.21,24.23
"1290",2024-06-10,"T01",0,NA,NA,0,135.908333333333,1.42736111111111,84.14,27.05,3.86
"1291",2024-06-10,"T02",0,NA,NA,0,135.908333333333,1.42736111111111,84.14,27.05,3.86
"1292",2024-06-10,"T05",1,NA,NA,0,135.908333333333,1.42736111111111,84.14,27.05,3.86
"1293",2024-06-10,"T06",0,NA,NA,0,135.908333333333,1.42736111111111,84.14,27.05,3.86
"1294",2024-06-10,"T07",0,12,"CrestedGibbons",1,135.908333333333,1.42736111111111,84.14,27.05,3.86
"1295",2024-06-10,"T08",3,NA,NA,0,135.908333333333,1.42736111111111,84.14,27.05,3.86
"1296",2024-06-10,"T09",1,NA,NA,0,135.908333333333,1.42736111111111,84.14,27.05,3.86
"1297",2024-06-10,"T10",0,NA,NA,0,135.908333333333,1.42736111111111,84.14,27.05,3.86
"1298",2024-06-10,"T12",1,NA,NA,0,135.908333333333,1.42736111111111,84.14,27.05,3.86
"1299",2024-06-10,"T15",8,NA,NA,0,135.908333333333,1.42736111111111,84.14,27.05,3.86
"1300",2024-06-10,"T16",0,NA,NA,0,135.908333333333,1.42736111111111,84.14,27.05,3.86
"1301",2024-06-10,"T17",0,NA,NA,0,135.908333333333,1.42736111111111,84.14,27.05,3.86
"1302",2024-06-10,"T18",0,NA,NA,0,135.908333333333,1.42736111111111,84.14,27.05,3.86
"1303",2024-06-10,"T19",0,NA,NA,0,135.908333333333,1.42736111111111,84.14,27.05,3.86
"1304",2024-06-10,"T25",0,NA,NA,0,135.908333333333,1.42736111111111,84.14,27.05,3.86
"1305",2024-06-10,"T27",1,NA,NA,0,135.908333333333,1.42736111111111,84.14,27.05,3.86
"1306",2024-06-10,"T28",0,NA,NA,0,135.908333333333,1.42736111111111,84.14,27.05,3.86
"1307",2024-06-10,"T32",0,6,"CrestedGibbons",1,135.908333333333,1.42736111111111,84.14,27.05,3.86
"1308",2024-06-10,"T33",0,NA,NA,0,135.908333333333,1.42736111111111,84.14,27.05,3.86
"1309",2024-06-10,"T34",0,NA,NA,0,135.908333333333,1.42736111111111,84.14,27.05,3.86
"1310",2024-06-11,"T01",0,NA,NA,0,203.113194444445,0.979583333333333,79.37,27.67,0.14
"1311",2024-06-11,"T02",0,NA,NA,0,203.113194444445,0.979583333333333,79.37,27.67,0.14
"1312",2024-06-11,"T05",0,NA,NA,0,203.113194444445,0.979583333333333,79.37,27.67,0.14
"1313",2024-06-11,"T06",0,NA,NA,0,203.113194444445,0.979583333333333,79.37,27.67,0.14
"1314",2024-06-11,"T07",0,NA,NA,0,203.113194444445,0.979583333333333,79.37,27.67,0.14
"1315",2024-06-11,"T08",0,NA,NA,0,203.113194444445,0.979583333333333,79.37,27.67,0.14
"1316",2024-06-11,"T09",5,NA,NA,0,203.113194444445,0.979583333333333,79.37,27.67,0.14
"1317",2024-06-11,"T10",0,NA,NA,0,203.113194444445,0.979583333333333,79.37,27.67,0.14
"1318",2024-06-11,"T12",3,7,"CrestedGibbons",1,203.113194444445,0.979583333333333,79.37,27.67,0.14
"1319",2024-06-11,"T15",7,NA,NA,0,203.113194444445,0.979583333333333,79.37,27.67,0.14
"1320",2024-06-11,"T16",0,NA,NA,0,203.113194444445,0.979583333333333,79.37,27.67,0.14
"1321",2024-06-11,"T17",2,NA,NA,0,203.113194444445,0.979583333333333,79.37,27.67,0.14
"1322",2024-06-11,"T18",0,5,"CrestedGibbons",1,203.113194444445,0.979583333333333,79.37,27.67,0.14
"1323",2024-06-11,"T19",0,NA,NA,0,203.113194444445,0.979583333333333,79.37,27.67,0.14
"1324",2024-06-11,"T25",0,NA,NA,0,203.113194444445,0.979583333333333,79.37,27.67,0.14
"1325",2024-06-11,"T27",2,NA,NA,0,203.113194444445,0.979583333333333,79.37,27.67,0.14
"1326",2024-06-11,"T28",2,NA,NA,0,203.113194444445,0.979583333333333,79.37,27.67,0.14
"1327",2024-06-11,"T32",0,NA,NA,0,203.113194444445,0.979583333333333,79.37,27.67,0.14
"1328",2024-06-11,"T33",0,NA,NA,0,203.113194444445,0.979583333333333,79.37,27.67,0.14
"1329",2024-06-11,"T34",0,NA,NA,0,203.113194444445,0.979583333333333,79.37,27.67,0.14
"1330",2024-06-12,"T01",0,NA,NA,0,200.892361111111,0.72625,81.7,27.75,1.41
"1331",2024-06-12,"T02",0,NA,NA,0,200.892361111111,0.72625,81.7,27.75,1.41
"1332",2024-06-12,"T05",0,NA,NA,0,200.892361111111,0.72625,81.7,27.75,1.41
"1333",2024-06-12,"T06",0,NA,NA,0,200.892361111111,0.72625,81.7,27.75,1.41
"1334",2024-06-12,"T07",0,NA,NA,0,200.892361111111,0.72625,81.7,27.75,1.41
"1335",2024-06-12,"T08",0,NA,NA,0,200.892361111111,0.72625,81.7,27.75,1.41
"1336",2024-06-12,"T09",0,NA,NA,0,200.892361111111,0.72625,81.7,27.75,1.41
"1337",2024-06-12,"T10",3,NA,NA,0,200.892361111111,0.72625,81.7,27.75,1.41
"1338",2024-06-12,"T12",0,NA,NA,0,200.892361111111,0.72625,81.7,27.75,1.41
"1339",2024-06-12,"T15",1,NA,NA,0,200.892361111111,0.72625,81.7,27.75,1.41
"1340",2024-06-12,"T16",0,NA,NA,0,200.892361111111,0.72625,81.7,27.75,1.41
"1341",2024-06-12,"T17",0,NA,NA,0,200.892361111111,0.72625,81.7,27.75,1.41
"1342",2024-06-12,"T18",8,NA,NA,0,200.892361111111,0.72625,81.7,27.75,1.41
"1343",2024-06-12,"T19",0,NA,NA,0,200.892361111111,0.72625,81.7,27.75,1.41
"1344",2024-06-12,"T25",0,NA,NA,0,200.892361111111,0.72625,81.7,27.75,1.41
"1345",2024-06-12,"T27",1,NA,NA,0,200.892361111111,0.72625,81.7,27.75,1.41
"1346",2024-06-12,"T28",3,NA,NA,0,200.892361111111,0.72625,81.7,27.75,1.41
"1347",2024-06-12,"T32",0,14,"CrestedGibbons",1,200.892361111111,0.72625,81.7,27.75,1.41
"1348",2024-06-12,"T33",0,NA,NA,0,200.892361111111,0.72625,81.7,27.75,1.41
"1349",2024-06-12,"T34",0,NA,NA,0,200.892361111111,0.72625,81.7,27.75,1.41
"1350",2024-06-13,"T01",0,NA,NA,0,209.163888888889,0.623194444444445,75.25,28.97,5.15
"1351",2024-06-13,"T02",0,5,"CrestedGibbons",1,209.163888888889,0.623194444444445,75.25,28.97,5.15
"1352",2024-06-13,"T05",5,NA,NA,0,209.163888888889,0.623194444444445,75.25,28.97,5.15
"1353",2024-06-13,"T06",0,NA,NA,0,209.163888888889,0.623194444444445,75.25,28.97,5.15
"1354",2024-06-13,"T07",0,NA,NA,0,209.163888888889,0.623194444444445,75.25,28.97,5.15
"1355",2024-06-13,"T08",0,NA,NA,0,209.163888888889,0.623194444444445,75.25,28.97,5.15
"1356",2024-06-13,"T09",0,NA,NA,0,209.163888888889,0.623194444444445,75.25,28.97,5.15
"1357",2024-06-13,"T10",0,NA,NA,0,209.163888888889,0.623194444444445,75.25,28.97,5.15
"1358",2024-06-13,"T12",0,NA,NA,0,209.163888888889,0.623194444444445,75.25,28.97,5.15
"1359",2024-06-13,"T15",4,NA,NA,0,209.163888888889,0.623194444444445,75.25,28.97,5.15
"1360",2024-06-13,"T16",0,NA,NA,0,209.163888888889,0.623194444444445,75.25,28.97,5.15
"1361",2024-06-13,"T17",0,NA,NA,0,209.163888888889,0.623194444444445,75.25,28.97,5.15
"1362",2024-06-13,"T18",8,NA,NA,0,209.163888888889,0.623194444444445,75.25,28.97,5.15
"1363",2024-06-13,"T19",0,NA,NA,0,209.163888888889,0.623194444444445,75.25,28.97,5.15
"1364",2024-06-13,"T25",0,NA,NA,0,209.163888888889,0.623194444444445,75.25,28.97,5.15
"1365",2024-06-13,"T27",0,NA,NA,0,209.163888888889,0.623194444444445,75.25,28.97,5.15
"1366",2024-06-13,"T28",1,NA,NA,0,209.163888888889,0.623194444444445,75.25,28.97,5.15
"1367",2024-06-13,"T32",0,5,"CrestedGibbons",1,209.163888888889,0.623194444444445,75.25,28.97,5.15
"1368",2024-06-13,"T33",1,NA,NA,0,209.163888888889,0.623194444444445,75.25,28.97,5.15
"1369",2024-06-13,"T34",0,NA,NA,0,209.163888888889,0.623194444444445,75.25,28.97,5.15
"1370",2024-06-14,"T01",2,NA,NA,0,208.779861111111,0.875902777777778,76.9,28.67,7.31
"1371",2024-06-14,"T02",0,NA,NA,0,208.779861111111,0.875902777777778,76.9,28.67,7.31
"1372",2024-06-14,"T05",2,9,"CrestedGibbons",1,208.779861111111,0.875902777777778,76.9,28.67,7.31
"1373",2024-06-14,"T06",0,NA,NA,0,208.779861111111,0.875902777777778,76.9,28.67,7.31
"1374",2024-06-14,"T07",0,NA,NA,0,208.779861111111,0.875902777777778,76.9,28.67,7.31
"1375",2024-06-14,"T08",0,5,"CrestedGibbons",1,208.779861111111,0.875902777777778,76.9,28.67,7.31
"1376",2024-06-14,"T09",0,NA,NA,0,208.779861111111,0.875902777777778,76.9,28.67,7.31
"1377",2024-06-14,"T10",0,NA,NA,0,208.779861111111,0.875902777777778,76.9,28.67,7.31
"1378",2024-06-14,"T12",10,NA,NA,0,208.779861111111,0.875902777777778,76.9,28.67,7.31
"1379",2024-06-14,"T15",1,NA,NA,0,208.779861111111,0.875902777777778,76.9,28.67,7.31
"1380",2024-06-14,"T16",0,NA,NA,0,208.779861111111,0.875902777777778,76.9,28.67,7.31
"1381",2024-06-14,"T17",0,NA,NA,0,208.779861111111,0.875902777777778,76.9,28.67,7.31
"1382",2024-06-14,"T18",3,5,"CrestedGibbons",1,208.779861111111,0.875902777777778,76.9,28.67,7.31
"1383",2024-06-14,"T19",1,NA,NA,0,208.779861111111,0.875902777777778,76.9,28.67,7.31
"1384",2024-06-14,"T25",0,NA,NA,0,208.779861111111,0.875902777777778,76.9,28.67,7.31
"1385",2024-06-14,"T27",1,NA,NA,0,208.779861111111,0.875902777777778,76.9,28.67,7.31
"1386",2024-06-14,"T28",10,NA,NA,0,208.779861111111,0.875902777777778,76.9,28.67,7.31
"1387",2024-06-14,"T32",0,10,"CrestedGibbons",1,208.779861111111,0.875902777777778,76.9,28.67,7.31
"1388",2024-06-14,"T33",0,NA,NA,0,208.779861111111,0.875902777777778,76.9,28.67,7.31
"1389",2024-06-14,"T34",0,NA,NA,0,208.779861111111,0.875902777777778,76.9,28.67,7.31
"1390",2024-06-15,"T01",2,NA,NA,0,247.131944444444,0.659305555555556,78.84,29.08,4.8
"1391",2024-06-15,"T02",0,NA,NA,0,247.131944444444,0.659305555555556,78.84,29.08,4.8
"1392",2024-06-15,"T05",0,NA,NA,0,247.131944444444,0.659305555555556,78.84,29.08,4.8
"1393",2024-06-15,"T06",0,NA,NA,0,247.131944444444,0.659305555555556,78.84,29.08,4.8
"1394",2024-06-15,"T07",0,NA,NA,0,247.131944444444,0.659305555555556,78.84,29.08,4.8
"1395",2024-06-15,"T08",0,NA,NA,0,247.131944444444,0.659305555555556,78.84,29.08,4.8
"1396",2024-06-15,"T09",0,NA,NA,0,247.131944444444,0.659305555555556,78.84,29.08,4.8
"1397",2024-06-15,"T10",3,NA,NA,0,247.131944444444,0.659305555555556,78.84,29.08,4.8
"1398",2024-06-15,"T12",0,NA,NA,0,247.131944444444,0.659305555555556,78.84,29.08,4.8
"1399",2024-06-15,"T15",3,5,"CrestedGibbons",1,247.131944444444,0.659305555555556,78.84,29.08,4.8
"1400",2024-06-15,"T16",0,NA,NA,0,247.131944444444,0.659305555555556,78.84,29.08,4.8
"1401",2024-06-15,"T17",0,NA,NA,0,247.131944444444,0.659305555555556,78.84,29.08,4.8
"1402",2024-06-15,"T18",0,NA,NA,0,247.131944444444,0.659305555555556,78.84,29.08,4.8
"1403",2024-06-15,"T19",0,NA,NA,0,247.131944444444,0.659305555555556,78.84,29.08,4.8
"1404",2024-06-15,"T25",2,NA,NA,0,247.131944444444,0.659305555555556,78.84,29.08,4.8
"1405",2024-06-15,"T27",2,NA,NA,0,247.131944444444,0.659305555555556,78.84,29.08,4.8
"1406",2024-06-15,"T28",10,NA,NA,0,247.131944444444,0.659305555555556,78.84,29.08,4.8
"1407",2024-06-15,"T32",0,NA,NA,0,247.131944444444,0.659305555555556,78.84,29.08,4.8
"1408",2024-06-15,"T33",1,NA,NA,0,247.131944444444,0.659305555555556,78.84,29.08,4.8
"1409",2024-06-15,"T34",0,NA,NA,0,247.131944444444,0.659305555555556,78.84,29.08,4.8
"1410",2024-06-16,"T01",6,NA,NA,0,233.745833333333,0.819444444444445,89.69,27.45,21.11
"1411",2024-06-16,"T02",0,8,"CrestedGibbons",1,233.745833333333,0.819444444444445,89.69,27.45,21.11
"1412",2024-06-16,"T05",4,NA,NA,0,233.745833333333,0.819444444444445,89.69,27.45,21.11
"1413",2024-06-16,"T06",0,NA,NA,0,233.745833333333,0.819444444444445,89.69,27.45,21.11
"1414",2024-06-16,"T07",0,NA,NA,0,233.745833333333,0.819444444444445,89.69,27.45,21.11
"1415",2024-06-16,"T08",0,NA,NA,0,233.745833333333,0.819444444444445,89.69,27.45,21.11
"1416",2024-06-16,"T09",0,NA,NA,0,233.745833333333,0.819444444444445,89.69,27.45,21.11
"1417",2024-06-16,"T10",2,NA,NA,0,233.745833333333,0.819444444444445,89.69,27.45,21.11
"1418",2024-06-16,"T12",0,NA,NA,0,233.745833333333,0.819444444444445,89.69,27.45,21.11
"1419",2024-06-16,"T15",7,NA,NA,0,233.745833333333,0.819444444444445,89.69,27.45,21.11
"1420",2024-06-16,"T16",0,NA,NA,0,233.745833333333,0.819444444444445,89.69,27.45,21.11
"1421",2024-06-16,"T17",0,NA,NA,0,233.745833333333,0.819444444444445,89.69,27.45,21.11
"1422",2024-06-16,"T18",0,NA,NA,0,233.745833333333,0.819444444444445,89.69,27.45,21.11
"1423",2024-06-16,"T19",0,5,"CrestedGibbons",1,233.745833333333,0.819444444444445,89.69,27.45,21.11
"1424",2024-06-16,"T25",3,NA,NA,0,233.745833333333,0.819444444444445,89.69,27.45,21.11
"1425",2024-06-16,"T27",0,NA,NA,0,233.745833333333,0.819444444444445,89.69,27.45,21.11
"1426",2024-06-16,"T28",6,NA,NA,0,233.745833333333,0.819444444444445,89.69,27.45,21.11
"1427",2024-06-16,"T32",0,NA,NA,0,233.745833333333,0.819444444444445,89.69,27.45,21.11
"1428",2024-06-16,"T33",0,NA,NA,0,233.745833333333,0.819444444444445,89.69,27.45,21.11
"1429",2024-06-16,"T34",5,NA,NA,0,233.745833333333,0.819444444444445,89.69,27.45,21.11
"1430",2024-06-17,"T01",5,NA,NA,0,205.43125,0.969166666666667,83.66,27.19,0.59
"1431",2024-06-17,"T02",0,NA,NA,0,205.43125,0.969166666666667,83.66,27.19,0.59
"1432",2024-06-17,"T05",9,NA,NA,0,205.43125,0.969166666666667,83.66,27.19,0.59
"1433",2024-06-17,"T06",0,NA,NA,0,205.43125,0.969166666666667,83.66,27.19,0.59
"1434",2024-06-17,"T07",0,NA,NA,0,205.43125,0.969166666666667,83.66,27.19,0.59
"1435",2024-06-17,"T08",0,5,"CrestedGibbons",1,205.43125,0.969166666666667,83.66,27.19,0.59
"1436",2024-06-17,"T09",0,NA,NA,0,205.43125,0.969166666666667,83.66,27.19,0.59
"1437",2024-06-17,"T10",1,NA,NA,0,205.43125,0.969166666666667,83.66,27.19,0.59
"1438",2024-06-17,"T12",5,NA,NA,0,205.43125,0.969166666666667,83.66,27.19,0.59
"1439",2024-06-17,"T15",6,NA,NA,0,205.43125,0.969166666666667,83.66,27.19,0.59
"1440",2024-06-17,"T16",0,NA,NA,0,205.43125,0.969166666666667,83.66,27.19,0.59
"1441",2024-06-17,"T17",0,NA,NA,0,205.43125,0.969166666666667,83.66,27.19,0.59
"1442",2024-06-17,"T18",0,NA,NA,0,205.43125,0.969166666666667,83.66,27.19,0.59
"1443",2024-06-17,"T19",0,NA,NA,0,205.43125,0.969166666666667,83.66,27.19,0.59
"1444",2024-06-17,"T25",0,NA,NA,0,205.43125,0.969166666666667,83.66,27.19,0.59
"1445",2024-06-17,"T27",0,NA,NA,0,205.43125,0.969166666666667,83.66,27.19,0.59
"1446",2024-06-17,"T28",5,NA,NA,0,205.43125,0.969166666666667,83.66,27.19,0.59
"1447",2024-06-17,"T32",0,NA,NA,0,205.43125,0.969166666666667,83.66,27.19,0.59
"1448",2024-06-17,"T33",0,NA,NA,0,205.43125,0.969166666666667,83.66,27.19,0.59
"1449",2024-06-17,"T34",6,NA,NA,0,205.43125,0.969166666666667,83.66,27.19,0.59
"1450",2024-06-18,"T01",2,NA,NA,0,194.191666666667,0.860972222222222,80.45,27.91,0.23
"1451",2024-06-18,"T02",0,NA,NA,0,194.191666666667,0.860972222222222,80.45,27.91,0.23
"1452",2024-06-18,"T05",7,NA,NA,0,194.191666666667,0.860972222222222,80.45,27.91,0.23
"1453",2024-06-18,"T06",0,5,"CrestedGibbons",1,194.191666666667,0.860972222222222,80.45,27.91,0.23
"1454",2024-06-18,"T07",0,NA,NA,0,194.191666666667,0.860972222222222,80.45,27.91,0.23
"1455",2024-06-18,"T08",0,NA,NA,0,194.191666666667,0.860972222222222,80.45,27.91,0.23
"1456",2024-06-18,"T09",0,NA,NA,0,194.191666666667,0.860972222222222,80.45,27.91,0.23
"1457",2024-06-18,"T10",0,NA,NA,0,194.191666666667,0.860972222222222,80.45,27.91,0.23
"1458",2024-06-18,"T12",0,NA,NA,0,194.191666666667,0.860972222222222,80.45,27.91,0.23
"1459",2024-06-18,"T15",0,NA,NA,0,194.191666666667,0.860972222222222,80.45,27.91,0.23
"1460",2024-06-18,"T16",0,NA,NA,0,194.191666666667,0.860972222222222,80.45,27.91,0.23
"1461",2024-06-18,"T17",0,5,"CrestedGibbons",1,194.191666666667,0.860972222222222,80.45,27.91,0.23
"1462",2024-06-18,"T18",0,NA,NA,0,194.191666666667,0.860972222222222,80.45,27.91,0.23
"1463",2024-06-18,"T19",1,NA,NA,0,194.191666666667,0.860972222222222,80.45,27.91,0.23
"1464",2024-06-18,"T25",1,NA,NA,0,194.191666666667,0.860972222222222,80.45,27.91,0.23
"1465",2024-06-18,"T27",0,NA,NA,0,194.191666666667,0.860972222222222,80.45,27.91,0.23
"1466",2024-06-18,"T28",10,NA,NA,0,194.191666666667,0.860972222222222,80.45,27.91,0.23
"1467",2024-06-18,"T32",0,NA,NA,0,194.191666666667,0.860972222222222,80.45,27.91,0.23
"1468",2024-06-18,"T33",0,NA,NA,0,194.191666666667,0.860972222222222,80.45,27.91,0.23
"1469",2024-06-18,"T34",0,NA,NA,0,194.191666666667,0.860972222222222,80.45,27.91,0.23
"1470",2024-06-19,"T01",0,NA,NA,0,136.341666666667,0.818611111111111,85.65,27.01,1.05
"1471",2024-06-19,"T02",0,10,"CrestedGibbons",1,136.341666666667,0.818611111111111,85.65,27.01,1.05
"1472",2024-06-19,"T05",0,NA,NA,0,136.341666666667,0.818611111111111,85.65,27.01,1.05
"1473",2024-06-19,"T06",0,NA,NA,0,136.341666666667,0.818611111111111,85.65,27.01,1.05
"1474",2024-06-19,"T07",0,NA,NA,0,136.341666666667,0.818611111111111,85.65,27.01,1.05
"1475",2024-06-19,"T09",0,NA,NA,0,136.341666666667,0.818611111111111,85.65,27.01,1.05
"1476",2024-06-19,"T10",0,NA,NA,0,136.341666666667,0.818611111111111,85.65,27.01,1.05
"1477",2024-06-19,"T12",0,7,"CrestedGibbons",1,136.341666666667,0.818611111111111,85.65,27.01,1.05
"1478",2024-06-19,"T15",2,NA,NA,0,136.341666666667,0.818611111111111,85.65,27.01,1.05
"1479",2024-06-19,"T16",0,NA,NA,0,136.341666666667,0.818611111111111,85.65,27.01,1.05
"1480",2024-06-19,"T17",0,NA,NA,0,136.341666666667,0.818611111111111,85.65,27.01,1.05
"1481",2024-06-19,"T18",0,NA,NA,0,136.341666666667,0.818611111111111,85.65,27.01,1.05
"1482",2024-06-19,"T19",1,NA,NA,0,136.341666666667,0.818611111111111,85.65,27.01,1.05
"1483",2024-06-19,"T25",0,NA,NA,0,136.341666666667,0.818611111111111,85.65,27.01,1.05
"1484",2024-06-19,"T27",0,5,"CrestedGibbons",1,136.341666666667,0.818611111111111,85.65,27.01,1.05
"1485",2024-06-19,"T28",10,NA,NA,0,136.341666666667,0.818611111111111,85.65,27.01,1.05
"1486",2024-06-19,"T32",0,NA,NA,0,136.341666666667,0.818611111111111,85.65,27.01,1.05
"1487",2024-06-19,"T33",2,NA,NA,0,136.341666666667,0.818611111111111,85.65,27.01,1.05
"1488",2024-06-19,"T34",1,NA,NA,0,136.341666666667,0.818611111111111,85.65,27.01,1.05
"1489",2024-06-20,"T01",0,NA,NA,0,94.3368055555555,0.606666666666667,91.86,26.28,11.4
"1490",2024-06-20,"T02",0,NA,NA,0,94.3368055555555,0.606666666666667,91.86,26.28,11.4
"1491",2024-06-20,"T05",4,NA,NA,0,94.3368055555555,0.606666666666667,91.86,26.28,11.4
"1492",2024-06-20,"T06",0,NA,NA,0,94.3368055555555,0.606666666666667,91.86,26.28,11.4
"1493",2024-06-20,"T07",0,NA,NA,0,94.3368055555555,0.606666666666667,91.86,26.28,11.4
"1494",2024-06-20,"T09",0,NA,NA,0,94.3368055555555,0.606666666666667,91.86,26.28,11.4
"1495",2024-06-20,"T10",0,5,"CrestedGibbons",1,94.3368055555555,0.606666666666667,91.86,26.28,11.4
"1496",2024-06-20,"T12",0,NA,NA,0,94.3368055555555,0.606666666666667,91.86,26.28,11.4
"1497",2024-06-20,"T15",1,6,"CrestedGibbons",1,94.3368055555555,0.606666666666667,91.86,26.28,11.4
"1498",2024-06-20,"T16",0,NA,NA,0,94.3368055555555,0.606666666666667,91.86,26.28,11.4
"1499",2024-06-20,"T17",0,NA,NA,0,94.3368055555555,0.606666666666667,91.86,26.28,11.4
"1500",2024-06-20,"T18",0,NA,NA,0,94.3368055555555,0.606666666666667,91.86,26.28,11.4
"1501",2024-06-20,"T19",0,6,"CrestedGibbons",1,94.3368055555555,0.606666666666667,91.86,26.28,11.4
"1502",2024-06-20,"T25",0,NA,NA,0,94.3368055555555,0.606666666666667,91.86,26.28,11.4
"1503",2024-06-20,"T27",0,NA,NA,0,94.3368055555555,0.606666666666667,91.86,26.28,11.4
"1504",2024-06-20,"T28",0,NA,NA,0,94.3368055555555,0.606666666666667,91.86,26.28,11.4
"1505",2024-06-20,"T32",0,NA,NA,0,94.3368055555555,0.606666666666667,91.86,26.28,11.4
"1506",2024-06-20,"T33",0,NA,NA,0,94.3368055555555,0.606666666666667,91.86,26.28,11.4
"1507",2024-06-20,"T34",0,NA,NA,0,94.3368055555555,0.606666666666667,91.86,26.28,11.4
"1508",2024-06-21,"T01",0,NA,NA,0,86.9729166666667,0.3925,93.56,25.86,22.97
"1509",2024-06-21,"T02",0,NA,NA,0,86.9729166666667,0.3925,93.56,25.86,22.97
"1510",2024-06-21,"T05",0,NA,NA,0,86.9729166666667,0.3925,93.56,25.86,22.97
"1511",2024-06-21,"T06",0,5,"CrestedGibbons",1,86.9729166666667,0.3925,93.56,25.86,22.97
"1512",2024-06-21,"T07",0,NA,NA,0,86.9729166666667,0.3925,93.56,25.86,22.97
"1513",2024-06-21,"T09",0,NA,NA,0,86.9729166666667,0.3925,93.56,25.86,22.97
"1514",2024-06-21,"T10",2,NA,NA,0,86.9729166666667,0.3925,93.56,25.86,22.97
"1515",2024-06-21,"T12",0,NA,NA,0,86.9729166666667,0.3925,93.56,25.86,22.97
"1516",2024-06-21,"T15",0,5,"CrestedGibbons",1,86.9729166666667,0.3925,93.56,25.86,22.97
"1517",2024-06-21,"T16",0,NA,NA,0,86.9729166666667,0.3925,93.56,25.86,22.97
"1518",2024-06-21,"T17",0,5,"CrestedGibbons",1,86.9729166666667,0.3925,93.56,25.86,22.97
"1519",2024-06-21,"T18",0,8,"CrestedGibbons",1,86.9729166666667,0.3925,93.56,25.86,22.97
"1520",2024-06-21,"T19",2,NA,NA,0,86.9729166666667,0.3925,93.56,25.86,22.97
"1521",2024-06-21,"T25",0,NA,NA,0,86.9729166666667,0.3925,93.56,25.86,22.97
"1522",2024-06-21,"T27",0,5,"CrestedGibbons",1,86.9729166666667,0.3925,93.56,25.86,22.97
"1523",2024-06-21,"T28",0,NA,NA,0,86.9729166666667,0.3925,93.56,25.86,22.97
"1524",2024-06-21,"T32",2,NA,NA,0,86.9729166666667,0.3925,93.56,25.86,22.97
"1525",2024-06-21,"T33",0,NA,NA,0,86.9729166666667,0.3925,93.56,25.86,22.97
"1526",2024-06-21,"T34",0,NA,NA,0,86.9729166666667,0.3925,93.56,25.86,22.97
"1527",2024-06-22,"T01",3,NA,NA,0,51.9208333333333,0.767083333333334,96.62,25.53,58.81
"1528",2024-06-22,"T02",0,NA,NA,0,51.9208333333333,0.767083333333334,96.62,25.53,58.81
"1529",2024-06-22,"T05",2,NA,NA,0,51.9208333333333,0.767083333333334,96.62,25.53,58.81
"1530",2024-06-22,"T06",0,NA,NA,0,51.9208333333333,0.767083333333334,96.62,25.53,58.81
"1531",2024-06-22,"T07",0,NA,NA,0,51.9208333333333,0.767083333333334,96.62,25.53,58.81
"1532",2024-06-22,"T09",0,NA,NA,0,51.9208333333333,0.767083333333334,96.62,25.53,58.81
"1533",2024-06-22,"T10",0,NA,NA,0,51.9208333333333,0.767083333333334,96.62,25.53,58.81
"1534",2024-06-22,"T12",0,NA,NA,0,51.9208333333333,0.767083333333334,96.62,25.53,58.81
"1535",2024-06-22,"T15",0,NA,NA,0,51.9208333333333,0.767083333333334,96.62,25.53,58.81
"1536",2024-06-22,"T16",0,NA,NA,0,51.9208333333333,0.767083333333334,96.62,25.53,58.81
"1537",2024-06-22,"T17",0,NA,NA,0,51.9208333333333,0.767083333333334,96.62,25.53,58.81
"1538",2024-06-22,"T18",0,NA,NA,0,51.9208333333333,0.767083333333334,96.62,25.53,58.81
"1539",2024-06-22,"T19",0,7,"CrestedGibbons",1,51.9208333333333,0.767083333333334,96.62,25.53,58.81
"1540",2024-06-22,"T25",0,NA,NA,0,51.9208333333333,0.767083333333334,96.62,25.53,58.81
"1541",2024-06-22,"T27",0,NA,NA,0,51.9208333333333,0.767083333333334,96.62,25.53,58.81
"1542",2024-06-22,"T28",0,NA,NA,0,51.9208333333333,0.767083333333334,96.62,25.53,58.81
"1543",2024-06-22,"T32",0,NA,NA,0,51.9208333333333,0.767083333333334,96.62,25.53,58.81
"1544",2024-06-22,"T33",1,NA,NA,0,51.9208333333333,0.767083333333334,96.62,25.53,58.81
"1545",2024-06-22,"T34",0,NA,NA,0,51.9208333333333,0.767083333333334,96.62,25.53,58.81
"1546",2024-06-23,"T01",3,NA,NA,0,97.9215277777777,1.71861111111111,93.02,25.67,11.91
"1547",2024-06-23,"T02",0,NA,NA,0,97.9215277777777,1.71861111111111,93.02,25.67,11.91
"1548",2024-06-23,"T05",0,5,"CrestedGibbons",1,97.9215277777777,1.71861111111111,93.02,25.67,11.91
"1549",2024-06-23,"T06",0,NA,NA,0,97.9215277777777,1.71861111111111,93.02,25.67,11.91
"1550",2024-06-23,"T07",0,NA,NA,0,97.9215277777777,1.71861111111111,93.02,25.67,11.91
"1551",2024-06-23,"T09",3,NA,NA,0,97.9215277777777,1.71861111111111,93.02,25.67,11.91
"1552",2024-06-23,"T10",0,NA,NA,0,97.9215277777777,1.71861111111111,93.02,25.67,11.91
"1553",2024-06-23,"T12",0,NA,NA,0,97.9215277777777,1.71861111111111,93.02,25.67,11.91
"1554",2024-06-23,"T15",1,5,"CrestedGibbons",1,97.9215277777777,1.71861111111111,93.02,25.67,11.91
"1555",2024-06-23,"T16",0,NA,NA,0,97.9215277777777,1.71861111111111,93.02,25.67,11.91
"1556",2024-06-23,"T17",0,NA,NA,0,97.9215277777777,1.71861111111111,93.02,25.67,11.91
"1557",2024-06-23,"T18",0,NA,NA,0,97.9215277777777,1.71861111111111,93.02,25.67,11.91
"1558",2024-06-23,"T19",0,NA,NA,0,97.9215277777777,1.71861111111111,93.02,25.67,11.91
"1559",2024-06-23,"T25",0,NA,NA,0,97.9215277777777,1.71861111111111,93.02,25.67,11.91
"1560",2024-06-23,"T27",0,NA,NA,0,97.9215277777777,1.71861111111111,93.02,25.67,11.91
"1561",2024-06-23,"T28",0,NA,NA,0,97.9215277777777,1.71861111111111,93.02,25.67,11.91
"1562",2024-06-23,"T32",0,NA,NA,0,97.9215277777777,1.71861111111111,93.02,25.67,11.91
"1563",2024-06-23,"T33",1,NA,NA,0,97.9215277777777,1.71861111111111,93.02,25.67,11.91
"1564",2024-06-23,"T34",0,NA,NA,0,97.9215277777777,1.71861111111111,93.02,25.67,11.91
"1565",2024-06-24,"T01",2,NA,NA,0,114.970833333333,1.29791666666667,91.34,25.87,13.63
"1566",2024-06-24,"T02",1,NA,NA,0,114.970833333333,1.29791666666667,91.34,25.87,13.63
"1567",2024-06-24,"T05",1,NA,NA,0,114.970833333333,1.29791666666667,91.34,25.87,13.63
"1568",2024-06-24,"T06",0,NA,NA,0,114.970833333333,1.29791666666667,91.34,25.87,13.63
"1569",2024-06-24,"T07",0,NA,NA,0,114.970833333333,1.29791666666667,91.34,25.87,13.63
"1570",2024-06-24,"T09",0,NA,NA,0,114.970833333333,1.29791666666667,91.34,25.87,13.63
"1571",2024-06-24,"T10",0,5,"CrestedGibbons",1,114.970833333333,1.29791666666667,91.34,25.87,13.63
"1572",2024-06-24,"T12",0,NA,NA,0,114.970833333333,1.29791666666667,91.34,25.87,13.63
"1573",2024-06-24,"T15",3,NA,NA,0,114.970833333333,1.29791666666667,91.34,25.87,13.63
"1574",2024-06-24,"T16",0,NA,NA,0,114.970833333333,1.29791666666667,91.34,25.87,13.63
"1575",2024-06-24,"T17",0,NA,NA,0,114.970833333333,1.29791666666667,91.34,25.87,13.63
"1576",2024-06-24,"T18",1,NA,NA,0,114.970833333333,1.29791666666667,91.34,25.87,13.63
"1577",2024-06-24,"T19",0,NA,NA,0,114.970833333333,1.29791666666667,91.34,25.87,13.63
"1578",2024-06-24,"T25",0,NA,NA,0,114.970833333333,1.29791666666667,91.34,25.87,13.63
"1579",2024-06-24,"T27",0,NA,NA,0,114.970833333333,1.29791666666667,91.34,25.87,13.63
"1580",2024-06-24,"T28",0,NA,NA,0,114.970833333333,1.29791666666667,91.34,25.87,13.63
"1581",2024-06-24,"T32",4,7,"CrestedGibbons",1,114.970833333333,1.29791666666667,91.34,25.87,13.63
"1582",2024-06-24,"T33",3,NA,NA,0,114.970833333333,1.29791666666667,91.34,25.87,13.63
"1583",2024-06-24,"T34",0,NA,NA,0,114.970833333333,1.29791666666667,91.34,25.87,13.63
"1584",2024-06-25,"T01",0,NA,NA,0,173.349305555556,1.05305555555556,92.57,25.38,7
"1585",2024-06-25,"T02",0,NA,NA,0,173.349305555556,1.05305555555556,92.57,25.38,7
"1586",2024-06-25,"T05",1,NA,NA,0,173.349305555556,1.05305555555556,92.57,25.38,7
"1587",2024-06-25,"T07",0,NA,NA,0,173.349305555556,1.05305555555556,92.57,25.38,7
"1588",2024-06-25,"T09",0,NA,NA,0,173.349305555556,1.05305555555556,92.57,25.38,7
"1589",2024-06-25,"T12",0,NA,NA,0,173.349305555556,1.05305555555556,92.57,25.38,7
"1590",2024-06-25,"T15",0,NA,NA,0,173.349305555556,1.05305555555556,92.57,25.38,7
"1591",2024-06-25,"T16",0,NA,NA,0,173.349305555556,1.05305555555556,92.57,25.38,7
"1592",2024-06-25,"T17",0,NA,NA,0,173.349305555556,1.05305555555556,92.57,25.38,7
"1593",2024-06-25,"T18",0,NA,NA,0,173.349305555556,1.05305555555556,92.57,25.38,7
"1594",2024-06-25,"T19",0,5,"CrestedGibbons",1,173.349305555556,1.05305555555556,92.57,25.38,7
"1595",2024-06-25,"T25",0,NA,NA,0,173.349305555556,1.05305555555556,92.57,25.38,7
"1596",2024-06-25,"T27",0,NA,NA,0,173.349305555556,1.05305555555556,92.57,25.38,7
"1597",2024-06-25,"T28",0,NA,NA,0,173.349305555556,1.05305555555556,92.57,25.38,7
"1598",2024-06-25,"T32",1,6,"CrestedGibbons",1,173.349305555556,1.05305555555556,92.57,25.38,7
"1599",2024-06-25,"T33",1,NA,NA,0,173.349305555556,1.05305555555556,92.57,25.38,7
"1600",2024-06-25,"T34",0,NA,NA,0,173.349305555556,1.05305555555556,92.57,25.38,7
"1601",2024-06-26,"T01",4,NA,NA,0,180.284722222222,0.326666666666667,87.25,26.67,17.04
"1602",2024-06-26,"T02",0,NA,NA,0,180.284722222222,0.326666666666667,87.25,26.67,17.04
"1603",2024-06-26,"T05",0,NA,NA,0,180.284722222222,0.326666666666667,87.25,26.67,17.04
"1604",2024-06-26,"T07",0,NA,NA,0,180.284722222222,0.326666666666667,87.25,26.67,17.04
"1605",2024-06-26,"T09",1,NA,NA,0,180.284722222222,0.326666666666667,87.25,26.67,17.04
"1606",2024-06-26,"T12",0,14,"CrestedGibbons",1,180.284722222222,0.326666666666667,87.25,26.67,17.04
"1607",2024-06-26,"T15",0,NA,NA,0,180.284722222222,0.326666666666667,87.25,26.67,17.04
"1608",2024-06-26,"T16",0,NA,NA,0,180.284722222222,0.326666666666667,87.25,26.67,17.04
"1609",2024-06-26,"T17",0,NA,NA,0,180.284722222222,0.326666666666667,87.25,26.67,17.04
"1610",2024-06-26,"T18",0,NA,NA,0,180.284722222222,0.326666666666667,87.25,26.67,17.04
"1611",2024-06-26,"T19",0,NA,NA,0,180.284722222222,0.326666666666667,87.25,26.67,17.04
"1612",2024-06-26,"T25",0,NA,NA,0,180.284722222222,0.326666666666667,87.25,26.67,17.04
"1613",2024-06-26,"T27",0,NA,NA,0,180.284722222222,0.326666666666667,87.25,26.67,17.04
"1614",2024-06-26,"T28",6,NA,NA,0,180.284722222222,0.326666666666667,87.25,26.67,17.04
"1615",2024-06-26,"T32",0,6,"CrestedGibbons",1,180.284722222222,0.326666666666667,87.25,26.67,17.04
"1616",2024-06-26,"T33",0,NA,NA,0,180.284722222222,0.326666666666667,87.25,26.67,17.04
"1617",2024-06-26,"T34",1,NA,NA,0,180.284722222222,0.326666666666667,87.25,26.67,17.04
"1618",2024-06-27,"T01",0,NA,NA,0,104.9625,0.48125,91.36,26.39,18.56
"1619",2024-06-27,"T02",0,6,"CrestedGibbons",1,104.9625,0.48125,91.36,26.39,18.56
"1620",2024-06-27,"T09",0,NA,NA,0,104.9625,0.48125,91.36,26.39,18.56
"1621",2024-06-27,"T12",0,NA,NA,0,104.9625,0.48125,91.36,26.39,18.56
"1622",2024-06-27,"T15",0,NA,NA,0,104.9625,0.48125,91.36,26.39,18.56
"1623",2024-06-27,"T16",0,7,"CrestedGibbons",1,104.9625,0.48125,91.36,26.39,18.56
"1624",2024-06-27,"T17",0,NA,NA,0,104.9625,0.48125,91.36,26.39,18.56
"1625",2024-06-27,"T18",0,NA,NA,0,104.9625,0.48125,91.36,26.39,18.56
"1626",2024-06-27,"T19",0,6,"CrestedGibbons",1,104.9625,0.48125,91.36,26.39,18.56
"1627",2024-06-27,"T25",0,NA,NA,0,104.9625,0.48125,91.36,26.39,18.56
"1628",2024-06-27,"T27",5,NA,NA,0,104.9625,0.48125,91.36,26.39,18.56
"1629",2024-06-27,"T28",2,NA,NA,0,104.9625,0.48125,91.36,26.39,18.56
"1630",2024-06-27,"T32",2,NA,NA,0,104.9625,0.48125,91.36,26.39,18.56
"1631",2024-06-27,"T33",0,NA,NA,0,104.9625,0.48125,91.36,26.39,18.56
"1632",2024-06-27,"T34",0,NA,NA,0,104.9625,0.48125,91.36,26.39,18.56
"1633",2024-06-28,"T01",0,NA,NA,0,161.00625,0.538055555555555,86.59,26.95,8.79
"1634",2024-06-28,"T02",0,NA,NA,0,161.00625,0.538055555555555,86.59,26.95,8.79
"1635",2024-06-28,"T09",1,NA,NA,0,161.00625,0.538055555555555,86.59,26.95,8.79
"1636",2024-06-28,"T12",0,NA,NA,0,161.00625,0.538055555555555,86.59,26.95,8.79
"1637",2024-06-28,"T15",1,NA,NA,0,161.00625,0.538055555555555,86.59,26.95,8.79
"1638",2024-06-28,"T16",0,NA,NA,0,161.00625,0.538055555555555,86.59,26.95,8.79
"1639",2024-06-28,"T17",0,NA,NA,0,161.00625,0.538055555555555,86.59,26.95,8.79
"1640",2024-06-28,"T18",0,NA,NA,0,161.00625,0.538055555555555,86.59,26.95,8.79
"1641",2024-06-28,"T19",0,NA,NA,0,161.00625,0.538055555555555,86.59,26.95,8.79
"1642",2024-06-28,"T25",0,NA,NA,0,161.00625,0.538055555555555,86.59,26.95,8.79
"1643",2024-06-28,"T27",7,5,"CrestedGibbons",1,161.00625,0.538055555555555,86.59,26.95,8.79
"1644",2024-06-28,"T28",1,NA,NA,0,161.00625,0.538055555555555,86.59,26.95,8.79
"1645",2024-06-28,"T32",5,5,"CrestedGibbons",1,161.00625,0.538055555555555,86.59,26.95,8.79
"1646",2024-06-28,"T33",2,NA,NA,0,161.00625,0.538055555555555,86.59,26.95,8.79
"1647",2024-06-28,"T34",0,NA,NA,0,161.00625,0.538055555555555,86.59,26.95,8.79
"1648",2024-06-29,"T01",4,NA,NA,0,234.154166666667,1.28722222222222,85.26,26.94,0.96
"1649",2024-06-29,"T02",0,NA,NA,0,234.154166666667,1.28722222222222,85.26,26.94,0.96
"1650",2024-06-29,"T09",0,NA,NA,0,234.154166666667,1.28722222222222,85.26,26.94,0.96
"1651",2024-06-29,"T12",0,NA,NA,0,234.154166666667,1.28722222222222,85.26,26.94,0.96
"1652",2024-06-29,"T15",2,NA,NA,0,234.154166666667,1.28722222222222,85.26,26.94,0.96
"1653",2024-06-29,"T16",0,NA,NA,0,234.154166666667,1.28722222222222,85.26,26.94,0.96
"1654",2024-06-29,"T17",1,NA,NA,0,234.154166666667,1.28722222222222,85.26,26.94,0.96
"1655",2024-06-29,"T18",0,NA,NA,0,234.154166666667,1.28722222222222,85.26,26.94,0.96
"1656",2024-06-29,"T19",0,NA,NA,0,234.154166666667,1.28722222222222,85.26,26.94,0.96
"1657",2024-06-29,"T25",0,NA,NA,0,234.154166666667,1.28722222222222,85.26,26.94,0.96
"1658",2024-06-29,"T27",0,NA,NA,0,234.154166666667,1.28722222222222,85.26,26.94,0.96
"1659",2024-06-29,"T28",1,NA,NA,0,234.154166666667,1.28722222222222,85.26,26.94,0.96
"1660",2024-06-29,"T32",11,NA,NA,0,234.154166666667,1.28722222222222,85.26,26.94,0.96
"1661",2024-06-29,"T33",5,NA,NA,0,234.154166666667,1.28722222222222,85.26,26.94,0.96
"1662",2024-06-29,"T34",3,NA,NA,0,234.154166666667,1.28722222222222,85.26,26.94,0.96
"1663",2024-06-30,"T01",8,NA,NA,0,191.871527777778,0.975555555555555,83.6,27.37,3.31
"1664",2024-06-30,"T02",0,NA,NA,0,191.871527777778,0.975555555555555,83.6,27.37,3.31
"1665",2024-06-30,"T09",0,NA,NA,0,191.871527777778,0.975555555555555,83.6,27.37,3.31
"1666",2024-06-30,"T12",0,NA,NA,0,191.871527777778,0.975555555555555,83.6,27.37,3.31
"1667",2024-06-30,"T15",1,NA,NA,0,191.871527777778,0.975555555555555,83.6,27.37,3.31
"1668",2024-06-30,"T16",0,NA,NA,0,191.871527777778,0.975555555555555,83.6,27.37,3.31
"1669",2024-06-30,"T17",0,NA,NA,0,191.871527777778,0.975555555555555,83.6,27.37,3.31
"1670",2024-06-30,"T18",0,NA,NA,0,191.871527777778,0.975555555555555,83.6,27.37,3.31
"1671",2024-06-30,"T19",0,NA,NA,0,191.871527777778,0.975555555555555,83.6,27.37,3.31
"1672",2024-06-30,"T25",0,NA,NA,0,191.871527777778,0.975555555555555,83.6,27.37,3.31
"1673",2024-06-30,"T27",0,NA,NA,0,191.871527777778,0.975555555555555,83.6,27.37,3.31
"1674",2024-06-30,"T28",4,NA,NA,0,191.871527777778,0.975555555555555,83.6,27.37,3.31
"1675",2024-06-30,"T32",3,6,"CrestedGibbons",1,191.871527777778,0.975555555555555,83.6,27.37,3.31
"1676",2024-06-30,"T33",2,NA,NA,0,191.871527777778,0.975555555555555,83.6,27.37,3.31
"1677",2024-06-30,"T34",0,NA,NA,0,191.871527777778,0.975555555555555,83.6,27.37,3.31
"1678",2024-07-01,"T01",0,NA,NA,0,197.461805555556,0.783194444444444,87.48,26.83,4.46
"1679",2024-07-01,"T02",0,NA,NA,0,197.461805555556,0.783194444444444,87.48,26.83,4.46
"1680",2024-07-01,"T09",0,NA,NA,0,197.461805555556,0.783194444444444,87.48,26.83,4.46
"1681",2024-07-01,"T12",1,NA,NA,0,197.461805555556,0.783194444444444,87.48,26.83,4.46
"1682",2024-07-01,"T15",0,5,"CrestedGibbons",1,197.461805555556,0.783194444444444,87.48,26.83,4.46
"1683",2024-07-01,"T16",0,NA,NA,0,197.461805555556,0.783194444444444,87.48,26.83,4.46
"1684",2024-07-01,"T17",0,NA,NA,0,197.461805555556,0.783194444444444,87.48,26.83,4.46
"1685",2024-07-01,"T18",0,NA,NA,0,197.461805555556,0.783194444444444,87.48,26.83,4.46
"1686",2024-07-01,"T19",0,NA,NA,0,197.461805555556,0.783194444444444,87.48,26.83,4.46
"1687",2024-07-01,"T25",0,NA,NA,0,197.461805555556,0.783194444444444,87.48,26.83,4.46
"1688",2024-07-01,"T27",0,NA,NA,0,197.461805555556,0.783194444444444,87.48,26.83,4.46
"1689",2024-07-01,"T28",5,NA,NA,0,197.461805555556,0.783194444444444,87.48,26.83,4.46
"1690",2024-07-01,"T32",0,5,"CrestedGibbons",1,197.461805555556,0.783194444444444,87.48,26.83,4.46
"1691",2024-07-01,"T33",0,NA,NA,0,197.461805555556,0.783194444444444,87.48,26.83,4.46
"1692",2024-07-01,"T34",1,NA,NA,0,197.461805555556,0.783194444444444,87.48,26.83,4.46
"1693",2024-07-02,"T01",4,NA,NA,0,205.740972222222,0.778055555555556,85.19,27.31,1.35
"1694",2024-07-02,"T02",0,NA,NA,0,205.740972222222,0.778055555555556,85.19,27.31,1.35
"1695",2024-07-02,"T09",0,NA,NA,0,205.740972222222,0.778055555555556,85.19,27.31,1.35
"1696",2024-07-02,"T12",0,NA,NA,0,205.740972222222,0.778055555555556,85.19,27.31,1.35
"1697",2024-07-02,"T15",0,6,"CrestedGibbons",1,205.740972222222,0.778055555555556,85.19,27.31,1.35
"1698",2024-07-02,"T16",0,NA,NA,0,205.740972222222,0.778055555555556,85.19,27.31,1.35
"1699",2024-07-02,"T17",0,NA,NA,0,205.740972222222,0.778055555555556,85.19,27.31,1.35
"1700",2024-07-02,"T18",2,NA,NA,0,205.740972222222,0.778055555555556,85.19,27.31,1.35
"1701",2024-07-02,"T19",0,NA,NA,0,205.740972222222,0.778055555555556,85.19,27.31,1.35
"1702",2024-07-02,"T25",0,NA,NA,0,205.740972222222,0.778055555555556,85.19,27.31,1.35
"1703",2024-07-02,"T27",2,NA,NA,0,205.740972222222,0.778055555555556,85.19,27.31,1.35
"1704",2024-07-02,"T28",8,NA,NA,0,205.740972222222,0.778055555555556,85.19,27.31,1.35
"1705",2024-07-02,"T32",0,9,"CrestedGibbons",1,205.740972222222,0.778055555555556,85.19,27.31,1.35
"1706",2024-07-02,"T33",1,NA,NA,0,205.740972222222,0.778055555555556,85.19,27.31,1.35
"1707",2024-07-02,"T34",0,NA,NA,0,205.740972222222,0.778055555555556,85.19,27.31,1.35
"1708",2024-07-03,"T01",0,NA,NA,0,190.759722222222,0.663888888888889,91.88,25.98,52.63
"1709",2024-07-03,"T02",0,NA,NA,0,190.759722222222,0.663888888888889,91.88,25.98,52.63
"1710",2024-07-03,"T09",0,NA,NA,0,190.759722222222,0.663888888888889,91.88,25.98,52.63
"1711",2024-07-03,"T12",0,NA,NA,0,190.759722222222,0.663888888888889,91.88,25.98,52.63
"1712",2024-07-03,"T15",1,5,"CrestedGibbons",1,190.759722222222,0.663888888888889,91.88,25.98,52.63
"1713",2024-07-03,"T16",0,NA,NA,0,190.759722222222,0.663888888888889,91.88,25.98,52.63
"1714",2024-07-03,"T17",3,5,"CrestedGibbons",1,190.759722222222,0.663888888888889,91.88,25.98,52.63
"1715",2024-07-03,"T18",0,NA,NA,0,190.759722222222,0.663888888888889,91.88,25.98,52.63
"1716",2024-07-03,"T19",0,NA,NA,0,190.759722222222,0.663888888888889,91.88,25.98,52.63
"1717",2024-07-03,"T25",0,NA,NA,0,190.759722222222,0.663888888888889,91.88,25.98,52.63
"1718",2024-07-03,"T27",0,NA,NA,0,190.759722222222,0.663888888888889,91.88,25.98,52.63
"1719",2024-07-03,"T28",6,NA,NA,0,190.759722222222,0.663888888888889,91.88,25.98,52.63
"1720",2024-07-03,"T32",7,5,"CrestedGibbons",1,190.759722222222,0.663888888888889,91.88,25.98,52.63
"1721",2024-07-03,"T33",0,NA,NA,0,190.759722222222,0.663888888888889,91.88,25.98,52.63
"1722",2024-07-03,"T34",0,NA,NA,0,190.759722222222,0.663888888888889,91.88,25.98,52.63
"1723",2024-07-04,"T01",0,NA,NA,0,164.365277777778,0.953472222222222,88.39,26.11,4.04
"1724",2024-07-04,"T02",0,NA,NA,0,164.365277777778,0.953472222222222,88.39,26.11,4.04
"1725",2024-07-04,"T09",0,NA,NA,0,164.365277777778,0.953472222222222,88.39,26.11,4.04
"1726",2024-07-04,"T12",0,NA,NA,0,164.365277777778,0.953472222222222,88.39,26.11,4.04
"1727",2024-07-04,"T15",0,NA,NA,0,164.365277777778,0.953472222222222,88.39,26.11,4.04
"1728",2024-07-04,"T16",0,5,"CrestedGibbons",1,164.365277777778,0.953472222222222,88.39,26.11,4.04
"1729",2024-07-04,"T17",0,NA,NA,0,164.365277777778,0.953472222222222,88.39,26.11,4.04
"1730",2024-07-04,"T18",0,6,"CrestedGibbons",1,164.365277777778,0.953472222222222,88.39,26.11,4.04
"1731",2024-07-04,"T19",0,NA,NA,0,164.365277777778,0.953472222222222,88.39,26.11,4.04
"1732",2024-07-04,"T25",0,NA,NA,0,164.365277777778,0.953472222222222,88.39,26.11,4.04
"1733",2024-07-04,"T27",0,NA,NA,0,164.365277777778,0.953472222222222,88.39,26.11,4.04
"1734",2024-07-04,"T28",5,NA,NA,0,164.365277777778,0.953472222222222,88.39,26.11,4.04
"1735",2024-07-04,"T32",5,NA,NA,0,164.365277777778,0.953472222222222,88.39,26.11,4.04
"1736",2024-07-04,"T33",1,NA,NA,0,164.365277777778,0.953472222222222,88.39,26.11,4.04
"1737",2024-07-04,"T34",0,NA,NA,0,164.365277777778,0.953472222222222,88.39,26.11,4.04
"1738",2024-07-05,"T01",2,NA,NA,0,226.141666666667,0.466388888888889,84.24,26.55,3.43
"1739",2024-07-05,"T02",0,NA,NA,0,226.141666666667,0.466388888888889,84.24,26.55,3.43
"1740",2024-07-05,"T09",1,NA,NA,0,226.141666666667,0.466388888888889,84.24,26.55,3.43
"1741",2024-07-05,"T12",1,NA,NA,0,226.141666666667,0.466388888888889,84.24,26.55,3.43
"1742",2024-07-05,"T15",0,12,"CrestedGibbons",1,226.141666666667,0.466388888888889,84.24,26.55,3.43
"1743",2024-07-05,"T16",1,NA,NA,0,226.141666666667,0.466388888888889,84.24,26.55,3.43
"1744",2024-07-05,"T17",0,NA,NA,0,226.141666666667,0.466388888888889,84.24,26.55,3.43
"1745",2024-07-05,"T18",0,NA,NA,0,226.141666666667,0.466388888888889,84.24,26.55,3.43
"1746",2024-07-05,"T19",0,NA,NA,0,226.141666666667,0.466388888888889,84.24,26.55,3.43
"1747",2024-07-05,"T25",0,NA,NA,0,226.141666666667,0.466388888888889,84.24,26.55,3.43
"1748",2024-07-05,"T27",4,NA,NA,0,226.141666666667,0.466388888888889,84.24,26.55,3.43
"1749",2024-07-05,"T28",0,NA,NA,0,226.141666666667,0.466388888888889,84.24,26.55,3.43
"1750",2024-07-05,"T32",12,5,"CrestedGibbons",1,226.141666666667,0.466388888888889,84.24,26.55,3.43
"1751",2024-07-05,"T33",0,NA,NA,0,226.141666666667,0.466388888888889,84.24,26.55,3.43
"1752",2024-07-05,"T34",0,5,"CrestedGibbons",1,226.141666666667,0.466388888888889,84.24,26.55,3.43
"1753",2024-07-06,"T01",0,NA,NA,0,216.809027777778,0.606388888888889,83.26,27.44,27.69
"1754",2024-07-06,"T02",0,NA,NA,0,216.809027777778,0.606388888888889,83.26,27.44,27.69
"1755",2024-07-06,"T09",1,NA,NA,0,216.809027777778,0.606388888888889,83.26,27.44,27.69
"1756",2024-07-06,"T12",0,NA,NA,0,216.809027777778,0.606388888888889,83.26,27.44,27.69
"1757",2024-07-06,"T15",0,NA,NA,0,216.809027777778,0.606388888888889,83.26,27.44,27.69
"1758",2024-07-06,"T16",0,NA,NA,0,216.809027777778,0.606388888888889,83.26,27.44,27.69
"1759",2024-07-06,"T17",0,NA,NA,0,216.809027777778,0.606388888888889,83.26,27.44,27.69
"1760",2024-07-06,"T18",0,5,"CrestedGibbons",1,216.809027777778,0.606388888888889,83.26,27.44,27.69
"1761",2024-07-06,"T19",0,NA,NA,0,216.809027777778,0.606388888888889,83.26,27.44,27.69
"1762",2024-07-06,"T25",0,NA,NA,0,216.809027777778,0.606388888888889,83.26,27.44,27.69
"1763",2024-07-06,"T27",9,NA,NA,0,216.809027777778,0.606388888888889,83.26,27.44,27.69
"1764",2024-07-06,"T28",2,NA,NA,0,216.809027777778,0.606388888888889,83.26,27.44,27.69
"1765",2024-07-06,"T32",8,5,"CrestedGibbons",1,216.809027777778,0.606388888888889,83.26,27.44,27.69
"1766",2024-07-06,"T33",0,NA,NA,0,216.809027777778,0.606388888888889,83.26,27.44,27.69
"1767",2024-07-06,"T34",0,NA,NA,0,216.809027777778,0.606388888888889,83.26,27.44,27.69
"1768",2024-07-07,"T01",0,NA,NA,0,175.333333333333,0.994722222222222,91.48,26.51,12.76
"1769",2024-07-07,"T02",0,6,"CrestedGibbons",1,175.333333333333,0.994722222222222,91.48,26.51,12.76
"1770",2024-07-07,"T09",0,NA,NA,0,175.333333333333,0.994722222222222,91.48,26.51,12.76
"1771",2024-07-07,"T12",0,NA,NA,0,175.333333333333,0.994722222222222,91.48,26.51,12.76
"1772",2024-07-07,"T15",3,9,"CrestedGibbons",1,175.333333333333,0.994722222222222,91.48,26.51,12.76
"1773",2024-07-07,"T16",0,NA,NA,0,175.333333333333,0.994722222222222,91.48,26.51,12.76
"1774",2024-07-07,"T17",0,NA,NA,0,175.333333333333,0.994722222222222,91.48,26.51,12.76
"1775",2024-07-07,"T18",0,NA,NA,0,175.333333333333,0.994722222222222,91.48,26.51,12.76
"1776",2024-07-07,"T19",0,NA,NA,0,175.333333333333,0.994722222222222,91.48,26.51,12.76
"1777",2024-07-07,"T25",0,5,"CrestedGibbons",1,175.333333333333,0.994722222222222,91.48,26.51,12.76
"1778",2024-07-07,"T27",2,NA,NA,0,175.333333333333,0.994722222222222,91.48,26.51,12.76
"1779",2024-07-07,"T28",1,NA,NA,0,175.333333333333,0.994722222222222,91.48,26.51,12.76
"1780",2024-07-07,"T32",8,5,"CrestedGibbons",1,175.333333333333,0.994722222222222,91.48,26.51,12.76
"1781",2024-07-07,"T33",1,NA,NA,0,175.333333333333,0.994722222222222,91.48,26.51,12.76
"1782",2024-07-07,"T34",0,NA,NA,0,175.333333333333,0.994722222222222,91.48,26.51,12.76
"1783",2024-07-08,"T01",0,NA,NA,0,207.540972222222,0.699861111111111,84.78,27.31,2.51
"1784",2024-07-08,"T02",0,NA,NA,0,207.540972222222,0.699861111111111,84.78,27.31,2.51
"1785",2024-07-08,"T09",0,NA,NA,0,207.540972222222,0.699861111111111,84.78,27.31,2.51
"1786",2024-07-08,"T12",0,NA,NA,0,207.540972222222,0.699861111111111,84.78,27.31,2.51
"1787",2024-07-08,"T15",1,NA,NA,0,207.540972222222,0.699861111111111,84.78,27.31,2.51
"1788",2024-07-08,"T16",0,NA,NA,0,207.540972222222,0.699861111111111,84.78,27.31,2.51
"1789",2024-07-08,"T17",0,NA,NA,0,207.540972222222,0.699861111111111,84.78,27.31,2.51
"1790",2024-07-08,"T18",0,NA,NA,0,207.540972222222,0.699861111111111,84.78,27.31,2.51
"1791",2024-07-08,"T19",0,NA,NA,0,207.540972222222,0.699861111111111,84.78,27.31,2.51
"1792",2024-07-08,"T25",0,NA,NA,0,207.540972222222,0.699861111111111,84.78,27.31,2.51
"1793",2024-07-08,"T27",4,NA,NA,0,207.540972222222,0.699861111111111,84.78,27.31,2.51
"1794",2024-07-08,"T28",4,NA,NA,0,207.540972222222,0.699861111111111,84.78,27.31,2.51
"1795",2024-07-08,"T32",12,5,"CrestedGibbons",1,207.540972222222,0.699861111111111,84.78,27.31,2.51
"1796",2024-07-08,"T33",0,NA,NA,0,207.540972222222,0.699861111111111,84.78,27.31,2.51
"1797",2024-07-08,"T34",0,NA,NA,0,207.540972222222,0.699861111111111,84.78,27.31,2.51
"1798",2024-07-09,"T01",0,NA,NA,0,119.970833333333,0.82875,93.28,25.44,50.04
"1799",2024-07-09,"T02",0,5,"CrestedGibbons",1,119.970833333333,0.82875,93.28,25.44,50.04
"1800",2024-07-09,"T09",0,NA,NA,0,119.970833333333,0.82875,93.28,25.44,50.04
"1801",2024-07-09,"T12",0,NA,NA,0,119.970833333333,0.82875,93.28,25.44,50.04
"1802",2024-07-09,"T15",0,NA,NA,0,119.970833333333,0.82875,93.28,25.44,50.04
"1803",2024-07-09,"T16",0,NA,NA,0,119.970833333333,0.82875,93.28,25.44,50.04
"1804",2024-07-09,"T17",0,NA,NA,0,119.970833333333,0.82875,93.28,25.44,50.04
"1805",2024-07-09,"T18",0,NA,NA,0,119.970833333333,0.82875,93.28,25.44,50.04
"1806",2024-07-09,"T19",0,NA,NA,0,119.970833333333,0.82875,93.28,25.44,50.04
"1807",2024-07-09,"T25",0,NA,NA,0,119.970833333333,0.82875,93.28,25.44,50.04
"1808",2024-07-09,"T27",0,NA,NA,0,119.970833333333,0.82875,93.28,25.44,50.04
"1809",2024-07-09,"T28",2,NA,NA,0,119.970833333333,0.82875,93.28,25.44,50.04
"1810",2024-07-09,"T32",11,5,"CrestedGibbons",1,119.970833333333,0.82875,93.28,25.44,50.04
"1811",2024-07-09,"T33",1,NA,NA,0,119.970833333333,0.82875,93.28,25.44,50.04
"1812",2024-07-09,"T34",0,NA,NA,0,119.970833333333,0.82875,93.28,25.44,50.04
"1813",2024-07-10,"T01",1,NA,NA,0,175.5625,0.689166666666667,93.32,25.47,6.85
"1814",2024-07-10,"T02",0,NA,NA,0,175.5625,0.689166666666667,93.32,25.47,6.85
"1815",2024-07-10,"T09",0,NA,NA,0,175.5625,0.689166666666667,93.32,25.47,6.85
"1816",2024-07-10,"T12",0,NA,NA,0,175.5625,0.689166666666667,93.32,25.47,6.85
"1817",2024-07-10,"T15",7,5,"CrestedGibbons",1,175.5625,0.689166666666667,93.32,25.47,6.85
"1818",2024-07-10,"T16",0,5,"CrestedGibbons",1,175.5625,0.689166666666667,93.32,25.47,6.85
"1819",2024-07-10,"T17",0,NA,NA,0,175.5625,0.689166666666667,93.32,25.47,6.85
"1820",2024-07-10,"T18",0,NA,NA,0,175.5625,0.689166666666667,93.32,25.47,6.85
"1821",2024-07-10,"T19",0,NA,NA,0,175.5625,0.689166666666667,93.32,25.47,6.85
"1822",2024-07-10,"T25",0,5,"CrestedGibbons",1,175.5625,0.689166666666667,93.32,25.47,6.85
"1823",2024-07-10,"T27",0,NA,NA,0,175.5625,0.689166666666667,93.32,25.47,6.85
"1824",2024-07-10,"T28",1,NA,NA,0,175.5625,0.689166666666667,93.32,25.47,6.85
"1825",2024-07-10,"T32",6,NA,NA,0,175.5625,0.689166666666667,93.32,25.47,6.85
"1826",2024-07-10,"T33",0,6,"CrestedGibbons",1,175.5625,0.689166666666667,93.32,25.47,6.85
"1827",2024-07-10,"T34",0,NA,NA,0,175.5625,0.689166666666667,93.32,25.47,6.85
"1828",2024-07-11,"T01",1,NA,NA,0,160.3625,0.652638888888889,87.82,26.49,18.85
"1829",2024-07-11,"T02",0,NA,NA,0,160.3625,0.652638888888889,87.82,26.49,18.85
"1830",2024-07-11,"T09",0,NA,NA,0,160.3625,0.652638888888889,87.82,26.49,18.85
"1831",2024-07-11,"T12",1,NA,NA,0,160.3625,0.652638888888889,87.82,26.49,18.85
"1832",2024-07-11,"T15",7,NA,NA,0,160.3625,0.652638888888889,87.82,26.49,18.85
"1833",2024-07-11,"T16",0,NA,NA,0,160.3625,0.652638888888889,87.82,26.49,18.85
"1834",2024-07-11,"T17",0,NA,NA,0,160.3625,0.652638888888889,87.82,26.49,18.85
"1835",2024-07-11,"T18",1,6,"CrestedGibbons",1,160.3625,0.652638888888889,87.82,26.49,18.85
"1836",2024-07-11,"T19",0,NA,NA,0,160.3625,0.652638888888889,87.82,26.49,18.85
"1837",2024-07-11,"T25",0,NA,NA,0,160.3625,0.652638888888889,87.82,26.49,18.85
"1838",2024-07-11,"T27",0,6,"CrestedGibbons",1,160.3625,0.652638888888889,87.82,26.49,18.85
"1839",2024-07-11,"T28",1,NA,NA,0,160.3625,0.652638888888889,87.82,26.49,18.85
"1840",2024-07-11,"T32",1,5,"CrestedGibbons",1,160.3625,0.652638888888889,87.82,26.49,18.85
"1841",2024-07-11,"T33",0,NA,NA,0,160.3625,0.652638888888889,87.82,26.49,18.85
"1842",2024-07-11,"T34",0,NA,NA,0,160.3625,0.652638888888889,87.82,26.49,18.85
"1843",2024-07-12,"T01",0,NA,NA,0,160.429861111111,1.16208333333333,90.65,25.89,22.67
"1844",2024-07-12,"T02",0,NA,NA,0,160.429861111111,1.16208333333333,90.65,25.89,22.67
"1845",2024-07-12,"T09",0,NA,NA,0,160.429861111111,1.16208333333333,90.65,25.89,22.67
"1846",2024-07-12,"T12",1,NA,NA,0,160.429861111111,1.16208333333333,90.65,25.89,22.67
"1847",2024-07-12,"T15",1,5,"CrestedGibbons",1,160.429861111111,1.16208333333333,90.65,25.89,22.67
"1848",2024-07-12,"T16",0,NA,NA,0,160.429861111111,1.16208333333333,90.65,25.89,22.67
"1849",2024-07-12,"T17",0,NA,NA,0,160.429861111111,1.16208333333333,90.65,25.89,22.67
"1850",2024-07-12,"T18",0,NA,NA,0,160.429861111111,1.16208333333333,90.65,25.89,22.67
"1851",2024-07-12,"T19",0,NA,NA,0,160.429861111111,1.16208333333333,90.65,25.89,22.67
"1852",2024-07-12,"T25",0,NA,NA,0,160.429861111111,1.16208333333333,90.65,25.89,22.67
"1853",2024-07-12,"T27",7,NA,NA,0,160.429861111111,1.16208333333333,90.65,25.89,22.67
"1854",2024-07-12,"T28",2,NA,NA,0,160.429861111111,1.16208333333333,90.65,25.89,22.67
"1855",2024-07-12,"T32",6,5,"CrestedGibbons",1,160.429861111111,1.16208333333333,90.65,25.89,22.67
"1856",2024-07-12,"T33",4,NA,NA,0,160.429861111111,1.16208333333333,90.65,25.89,22.67
"1857",2024-07-12,"T34",0,NA,NA,0,160.429861111111,1.16208333333333,90.65,25.89,22.67
"1858",2024-07-13,"T01",0,NA,NA,0,116.79375,0.953333333333333,93.98,25.13,72.76
"1859",2024-07-13,"T02",0,NA,NA,0,116.79375,0.953333333333333,93.98,25.13,72.76
"1860",2024-07-13,"T09",0,NA,NA,0,116.79375,0.953333333333333,93.98,25.13,72.76
"1861",2024-07-13,"T12",1,NA,NA,0,116.79375,0.953333333333333,93.98,25.13,72.76
"1862",2024-07-13,"T15",6,5,"CrestedGibbons",1,116.79375,0.953333333333333,93.98,25.13,72.76
"1863",2024-07-13,"T16",0,NA,NA,0,116.79375,0.953333333333333,93.98,25.13,72.76
"1864",2024-07-13,"T17",0,NA,NA,0,116.79375,0.953333333333333,93.98,25.13,72.76
"1865",2024-07-13,"T18",0,NA,NA,0,116.79375,0.953333333333333,93.98,25.13,72.76
"1866",2024-07-13,"T19",0,NA,NA,0,116.79375,0.953333333333333,93.98,25.13,72.76
"1867",2024-07-13,"T25",0,6,"CrestedGibbons",1,116.79375,0.953333333333333,93.98,25.13,72.76
"1868",2024-07-13,"T27",2,NA,NA,0,116.79375,0.953333333333333,93.98,25.13,72.76
"1869",2024-07-13,"T28",0,NA,NA,0,116.79375,0.953333333333333,93.98,25.13,72.76
"1870",2024-07-13,"T32",6,NA,NA,0,116.79375,0.953333333333333,93.98,25.13,72.76
"1871",2024-07-13,"T33",0,NA,NA,0,116.79375,0.953333333333333,93.98,25.13,72.76
"1872",2024-07-13,"T34",0,NA,NA,0,116.79375,0.953333333333333,93.98,25.13,72.76
"1873",2024-07-14,"T01",0,NA,NA,0,58.2944444444445,0.834027777777778,93.59,25.11,11.97
"1874",2024-07-14,"T02",1,NA,NA,0,58.2944444444445,0.834027777777778,93.59,25.11,11.97
"1875",2024-07-14,"T09",0,NA,NA,0,58.2944444444445,0.834027777777778,93.59,25.11,11.97
"1876",2024-07-14,"T12",0,NA,NA,0,58.2944444444445,0.834027777777778,93.59,25.11,11.97
"1877",2024-07-14,"T15",2,6,"CrestedGibbons",1,58.2944444444445,0.834027777777778,93.59,25.11,11.97
"1878",2024-07-14,"T16",0,NA,NA,0,58.2944444444445,0.834027777777778,93.59,25.11,11.97
"1879",2024-07-14,"T17",0,NA,NA,0,58.2944444444445,0.834027777777778,93.59,25.11,11.97
"1880",2024-07-14,"T18",0,6,"CrestedGibbons",1,58.2944444444445,0.834027777777778,93.59,25.11,11.97
"1881",2024-07-14,"T19",0,NA,NA,0,58.2944444444445,0.834027777777778,93.59,25.11,11.97
"1882",2024-07-14,"T25",0,NA,NA,0,58.2944444444445,0.834027777777778,93.59,25.11,11.97
"1883",2024-07-14,"T27",0,NA,NA,0,58.2944444444445,0.834027777777778,93.59,25.11,11.97
"1884",2024-07-14,"T28",2,NA,NA,0,58.2944444444445,0.834027777777778,93.59,25.11,11.97
"1885",2024-07-14,"T32",6,5,"CrestedGibbons",1,58.2944444444445,0.834027777777778,93.59,25.11,11.97
"1886",2024-07-14,"T33",3,NA,NA,0,58.2944444444445,0.834027777777778,93.59,25.11,11.97
"1887",2024-07-14,"T34",0,NA,NA,0,58.2944444444445,0.834027777777778,93.59,25.11,11.97
"1888",2024-07-15,"T01",0,NA,NA,0,86.2194444444445,1.02138888888889,93.2,25.14,18.41
"1889",2024-07-15,"T02",0,NA,NA,0,86.2194444444445,1.02138888888889,93.2,25.14,18.41
"1890",2024-07-15,"T09",0,NA,NA,0,86.2194444444445,1.02138888888889,93.2,25.14,18.41
"1891",2024-07-15,"T12",1,NA,NA,0,86.2194444444445,1.02138888888889,93.2,25.14,18.41
"1892",2024-07-15,"T15",3,NA,NA,0,86.2194444444445,1.02138888888889,93.2,25.14,18.41
"1893",2024-07-15,"T16",0,NA,NA,0,86.2194444444445,1.02138888888889,93.2,25.14,18.41
"1894",2024-07-15,"T17",0,NA,NA,0,86.2194444444445,1.02138888888889,93.2,25.14,18.41
"1895",2024-07-15,"T18",0,NA,NA,0,86.2194444444445,1.02138888888889,93.2,25.14,18.41
"1896",2024-07-15,"T19",1,NA,NA,0,86.2194444444445,1.02138888888889,93.2,25.14,18.41
"1897",2024-07-15,"T25",0,NA,NA,0,86.2194444444445,1.02138888888889,93.2,25.14,18.41
"1898",2024-07-15,"T27",0,NA,NA,0,86.2194444444445,1.02138888888889,93.2,25.14,18.41
"1899",2024-07-15,"T28",0,NA,NA,0,86.2194444444445,1.02138888888889,93.2,25.14,18.41
"1900",2024-07-15,"T32",2,NA,NA,0,86.2194444444445,1.02138888888889,93.2,25.14,18.41
"1901",2024-07-15,"T33",1,NA,NA,0,86.2194444444445,1.02138888888889,93.2,25.14,18.41
"1902",2024-07-15,"T34",0,NA,NA,0,86.2194444444445,1.02138888888889,93.2,25.14,18.41
"1903",2024-07-16,"T01",0,NA,NA,0,100.543055555556,0.755833333333333,92.17,26.01,25.68
"1904",2024-07-16,"T02",0,NA,NA,0,100.543055555556,0.755833333333333,92.17,26.01,25.68
"1905",2024-07-16,"T09",0,NA,NA,0,100.543055555556,0.755833333333333,92.17,26.01,25.68
"1906",2024-07-16,"T12",0,NA,NA,0,100.543055555556,0.755833333333333,92.17,26.01,25.68
"1907",2024-07-16,"T15",0,NA,NA,0,100.543055555556,0.755833333333333,92.17,26.01,25.68
"1908",2024-07-16,"T16",0,NA,NA,0,100.543055555556,0.755833333333333,92.17,26.01,25.68
"1909",2024-07-16,"T17",0,NA,NA,0,100.543055555556,0.755833333333333,92.17,26.01,25.68
"1910",2024-07-16,"T18",0,NA,NA,0,100.543055555556,0.755833333333333,92.17,26.01,25.68
"1911",2024-07-16,"T19",0,NA,NA,0,100.543055555556,0.755833333333333,92.17,26.01,25.68
"1912",2024-07-16,"T25",0,7,"CrestedGibbons",1,100.543055555556,0.755833333333333,92.17,26.01,25.68
"1913",2024-07-16,"T27",0,NA,NA,0,100.543055555556,0.755833333333333,92.17,26.01,25.68
"1914",2024-07-16,"T28",1,NA,NA,0,100.543055555556,0.755833333333333,92.17,26.01,25.68
"1915",2024-07-16,"T32",2,7,"CrestedGibbons",1,100.543055555556,0.755833333333333,92.17,26.01,25.68
"1916",2024-07-16,"T33",0,NA,NA,0,100.543055555556,0.755833333333333,92.17,26.01,25.68
"1917",2024-07-16,"T34",0,NA,NA,0,100.543055555556,0.755833333333333,92.17,26.01,25.68
"1918",2024-07-17,"T01",0,NA,NA,0,81.46875,1.57340277777778,91.07,25.67,20.94
"1919",2024-07-17,"T02",0,NA,NA,0,81.46875,1.57340277777778,91.07,25.67,20.94
"1920",2024-07-17,"T09",0,NA,NA,0,81.46875,1.57340277777778,91.07,25.67,20.94
"1921",2024-07-17,"T12",6,NA,NA,0,81.46875,1.57340277777778,91.07,25.67,20.94
"1922",2024-07-17,"T16",0,NA,NA,0,81.46875,1.57340277777778,91.07,25.67,20.94
"1923",2024-07-17,"T17",0,NA,NA,0,81.46875,1.57340277777778,91.07,25.67,20.94
"1924",2024-07-17,"T18",0,NA,NA,0,81.46875,1.57340277777778,91.07,25.67,20.94
"1925",2024-07-17,"T19",0,NA,NA,0,81.46875,1.57340277777778,91.07,25.67,20.94
"1926",2024-07-17,"T25",0,NA,NA,0,81.46875,1.57340277777778,91.07,25.67,20.94
"1927",2024-07-17,"T27",8,NA,NA,0,81.46875,1.57340277777778,91.07,25.67,20.94
"1928",2024-07-17,"T28",3,NA,NA,0,81.46875,1.57340277777778,91.07,25.67,20.94
"1929",2024-07-17,"T32",6,NA,NA,0,81.46875,1.57340277777778,91.07,25.67,20.94
"1930",2024-07-17,"T33",5,NA,NA,0,81.46875,1.57340277777778,91.07,25.67,20.94
"1931",2024-07-17,"T34",0,NA,NA,0,81.46875,1.57340277777778,91.07,25.67,20.94
"1932",2024-07-18,"T01",0,NA,NA,0,54.3118055555555,1.46930555555556,93.46,25.56,16.85
"1933",2024-07-18,"T02",1,NA,NA,0,54.3118055555555,1.46930555555556,93.46,25.56,16.85
"1934",2024-07-18,"T09",0,NA,NA,0,54.3118055555555,1.46930555555556,93.46,25.56,16.85
"1935",2024-07-18,"T12",0,NA,NA,0,54.3118055555555,1.46930555555556,93.46,25.56,16.85
"1936",2024-07-18,"T17",1,NA,NA,0,54.3118055555555,1.46930555555556,93.46,25.56,16.85
"1937",2024-07-18,"T18",0,NA,NA,0,54.3118055555555,1.46930555555556,93.46,25.56,16.85
"1938",2024-07-18,"T19",4,NA,NA,0,54.3118055555555,1.46930555555556,93.46,25.56,16.85
"1939",2024-07-18,"T25",0,NA,NA,0,54.3118055555555,1.46930555555556,93.46,25.56,16.85
"1940",2024-07-18,"T27",0,NA,NA,0,54.3118055555555,1.46930555555556,93.46,25.56,16.85
"1941",2024-07-18,"T28",9,NA,NA,0,54.3118055555555,1.46930555555556,93.46,25.56,16.85
"1942",2024-07-18,"T32",4,NA,NA,0,54.3118055555555,1.46930555555556,93.46,25.56,16.85
"1943",2024-07-18,"T33",8,NA,NA,0,54.3118055555555,1.46930555555556,93.46,25.56,16.85
"1944",2024-07-18,"T34",0,NA,NA,0,54.3118055555555,1.46930555555556,93.46,25.56,16.85
"1945",2024-07-19,"T01",0,NA,NA,0,137.243055555555,1.28743055555556,91.13,26.25,43.73
"1946",2024-07-19,"T02",0,NA,NA,0,137.243055555555,1.28743055555556,91.13,26.25,43.73
"1947",2024-07-19,"T09",0,NA,NA,0,137.243055555555,1.28743055555556,91.13,26.25,43.73
"1948",2024-07-19,"T12",4,NA,NA,0,137.243055555555,1.28743055555556,91.13,26.25,43.73
"1949",2024-07-19,"T17",4,NA,NA,0,137.243055555555,1.28743055555556,91.13,26.25,43.73
"1950",2024-07-19,"T18",0,NA,NA,0,137.243055555555,1.28743055555556,91.13,26.25,43.73
"1951",2024-07-19,"T19",3,NA,NA,0,137.243055555555,1.28743055555556,91.13,26.25,43.73
"1952",2024-07-19,"T25",0,NA,NA,0,137.243055555555,1.28743055555556,91.13,26.25,43.73
"1953",2024-07-19,"T27",0,NA,NA,0,137.243055555555,1.28743055555556,91.13,26.25,43.73
"1954",2024-07-19,"T28",0,NA,NA,0,137.243055555555,1.28743055555556,91.13,26.25,43.73
"1955",2024-07-19,"T32",4,5,"CrestedGibbons",1,137.243055555555,1.28743055555556,91.13,26.25,43.73
"1956",2024-07-19,"T33",2,NA,NA,0,137.243055555555,1.28743055555556,91.13,26.25,43.73
"1957",2024-07-19,"T34",0,5,"CrestedGibbons",1,137.243055555555,1.28743055555556,91.13,26.25,43.73
"1958",2024-07-20,"T01",0,NA,NA,0,78.6152777777778,0.911527777777778,93.1,25.52,34.02
"1959",2024-07-20,"T02",2,NA,NA,0,78.6152777777778,0.911527777777778,93.1,25.52,34.02
"1960",2024-07-20,"T09",0,NA,NA,0,78.6152777777778,0.911527777777778,93.1,25.52,34.02
"1961",2024-07-20,"T12",0,NA,NA,0,78.6152777777778,0.911527777777778,93.1,25.52,34.02
"1962",2024-07-20,"T17",0,NA,NA,0,78.6152777777778,0.911527777777778,93.1,25.52,34.02
"1963",2024-07-20,"T18",0,NA,NA,0,78.6152777777778,0.911527777777778,93.1,25.52,34.02
"1964",2024-07-20,"T19",1,NA,NA,0,78.6152777777778,0.911527777777778,93.1,25.52,34.02
"1965",2024-07-20,"T25",0,NA,NA,0,78.6152777777778,0.911527777777778,93.1,25.52,34.02
"1966",2024-07-20,"T27",0,NA,NA,0,78.6152777777778,0.911527777777778,93.1,25.52,34.02
"1967",2024-07-20,"T28",4,NA,NA,0,78.6152777777778,0.911527777777778,93.1,25.52,34.02
"1968",2024-07-20,"T32",7,6,"CrestedGibbons",1,78.6152777777778,0.911527777777778,93.1,25.52,34.02
"1969",2024-07-20,"T33",0,NA,NA,0,78.6152777777778,0.911527777777778,93.1,25.52,34.02
"1970",2024-07-20,"T34",0,NA,NA,0,78.6152777777778,0.911527777777778,93.1,25.52,34.02
"1971",2024-07-21,"T01",1,NA,NA,0,50.78125,1.16097222222222,92.45,25.22,17.26
"1972",2024-07-21,"T02",0,NA,NA,0,50.78125,1.16097222222222,92.45,25.22,17.26
"1973",2024-07-21,"T09",0,NA,NA,0,50.78125,1.16097222222222,92.45,25.22,17.26
"1974",2024-07-21,"T12",1,NA,NA,0,50.78125,1.16097222222222,92.45,25.22,17.26
"1975",2024-07-21,"T17",0,NA,NA,0,50.78125,1.16097222222222,92.45,25.22,17.26
"1976",2024-07-21,"T18",0,NA,NA,0,50.78125,1.16097222222222,92.45,25.22,17.26
"1977",2024-07-21,"T19",0,NA,NA,0,50.78125,1.16097222222222,92.45,25.22,17.26
"1978",2024-07-21,"T25",0,NA,NA,0,50.78125,1.16097222222222,92.45,25.22,17.26
"1979",2024-07-21,"T27",0,8,"CrestedGibbons",1,50.78125,1.16097222222222,92.45,25.22,17.26
"1980",2024-07-21,"T28",0,NA,NA,0,50.78125,1.16097222222222,92.45,25.22,17.26
"1981",2024-07-21,"T32",4,6,"CrestedGibbons",1,50.78125,1.16097222222222,92.45,25.22,17.26
"1982",2024-07-21,"T33",1,NA,NA,0,50.78125,1.16097222222222,92.45,25.22,17.26
"1983",2024-07-21,"T34",0,NA,NA,0,50.78125,1.16097222222222,92.45,25.22,17.26
"1984",2024-07-22,"T01",0,NA,NA,0,86.2729166666666,0.928055555555556,90.39,26.42,25.25
"1985",2024-07-22,"T02",2,NA,NA,0,86.2729166666666,0.928055555555556,90.39,26.42,25.25
"1986",2024-07-22,"T09",0,NA,NA,0,86.2729166666666,0.928055555555556,90.39,26.42,25.25
"1987",2024-07-22,"T12",0,NA,NA,0,86.2729166666666,0.928055555555556,90.39,26.42,25.25
"1988",2024-07-22,"T17",0,NA,NA,0,86.2729166666666,0.928055555555556,90.39,26.42,25.25
"1989",2024-07-22,"T18",0,NA,NA,0,86.2729166666666,0.928055555555556,90.39,26.42,25.25
"1990",2024-07-22,"T19",0,NA,NA,0,86.2729166666666,0.928055555555556,90.39,26.42,25.25
"1991",2024-07-22,"T25",0,5,"CrestedGibbons",1,86.2729166666666,0.928055555555556,90.39,26.42,25.25
"1992",2024-07-22,"T27",0,NA,NA,0,86.2729166666666,0.928055555555556,90.39,26.42,25.25
"1993",2024-07-22,"T28",5,NA,NA,0,86.2729166666666,0.928055555555556,90.39,26.42,25.25
"1994",2024-07-22,"T32",2,NA,NA,0,86.2729166666666,0.928055555555556,90.39,26.42,25.25
"1995",2024-07-22,"T33",1,NA,NA,0,86.2729166666666,0.928055555555556,90.39,26.42,25.25
"1996",2024-07-22,"T34",0,NA,NA,0,86.2729166666666,0.928055555555556,90.39,26.42,25.25
"1997",2024-07-23,"T01",0,NA,NA,0,140.171527777778,1.03736111111111,91.88,26.29,11.75
"1998",2024-07-23,"T02",2,NA,NA,0,140.171527777778,1.03736111111111,91.88,26.29,11.75
"1999",2024-07-23,"T09",0,NA,NA,0,140.171527777778,1.03736111111111,91.88,26.29,11.75
"2000",2024-07-23,"T12",4,NA,NA,0,140.171527777778,1.03736111111111,91.88,26.29,11.75
"2001",2024-07-23,"T17",0,NA,NA,0,140.171527777778,1.03736111111111,91.88,26.29,11.75
"2002",2024-07-23,"T18",0,NA,NA,0,140.171527777778,1.03736111111111,91.88,26.29,11.75
"2003",2024-07-23,"T19",0,NA,NA,0,140.171527777778,1.03736111111111,91.88,26.29,11.75
"2004",2024-07-23,"T25",0,NA,NA,0,140.171527777778,1.03736111111111,91.88,26.29,11.75
"2005",2024-07-23,"T27",1,NA,NA,0,140.171527777778,1.03736111111111,91.88,26.29,11.75
"2006",2024-07-23,"T28",3,NA,NA,0,140.171527777778,1.03736111111111,91.88,26.29,11.75
"2007",2024-07-23,"T32",0,NA,NA,0,140.171527777778,1.03736111111111,91.88,26.29,11.75
"2008",2024-07-23,"T33",2,NA,NA,0,140.171527777778,1.03736111111111,91.88,26.29,11.75
"2009",2024-07-23,"T34",0,NA,NA,0,140.171527777778,1.03736111111111,91.88,26.29,11.75
"2010",2024-07-24,"T01",0,NA,NA,0,153.422916666667,1.51666666666667,88.88,25.89,9.07
"2011",2024-07-24,"T02",1,NA,NA,0,153.422916666667,1.51666666666667,88.88,25.89,9.07
"2012",2024-07-24,"T09",2,NA,NA,0,153.422916666667,1.51666666666667,88.88,25.89,9.07
"2013",2024-07-24,"T12",3,NA,NA,0,153.422916666667,1.51666666666667,88.88,25.89,9.07
"2014",2024-07-24,"T17",0,NA,NA,0,153.422916666667,1.51666666666667,88.88,25.89,9.07
"2015",2024-07-24,"T18",0,NA,NA,0,153.422916666667,1.51666666666667,88.88,25.89,9.07
"2016",2024-07-24,"T19",2,NA,NA,0,153.422916666667,1.51666666666667,88.88,25.89,9.07
"2017",2024-07-24,"T25",0,NA,NA,0,153.422916666667,1.51666666666667,88.88,25.89,9.07
"2018",2024-07-24,"T27",0,NA,NA,0,153.422916666667,1.51666666666667,88.88,25.89,9.07
"2019",2024-07-24,"T28",2,NA,NA,0,153.422916666667,1.51666666666667,88.88,25.89,9.07
"2020",2024-07-24,"T34",0,NA,NA,0,153.422916666667,1.51666666666667,88.88,25.89,9.07
"2021",2024-07-25,"T01",0,NA,NA,0,79.2944444444445,1.453125,90.99,26.09,32.53
"2022",2024-07-25,"T02",0,NA,NA,0,79.2944444444445,1.453125,90.99,26.09,32.53
"2023",2024-07-25,"T09",9,NA,NA,0,79.2944444444445,1.453125,90.99,26.09,32.53
"2024",2024-07-25,"T12",1,NA,NA,0,79.2944444444445,1.453125,90.99,26.09,32.53
"2025",2024-07-25,"T17",0,NA,NA,0,79.2944444444445,1.453125,90.99,26.09,32.53
"2026",2024-07-25,"T18",0,NA,NA,0,79.2944444444445,1.453125,90.99,26.09,32.53
"2027",2024-07-25,"T19",8,NA,NA,0,79.2944444444445,1.453125,90.99,26.09,32.53
"2028",2024-07-25,"T25",0,NA,NA,0,79.2944444444445,1.453125,90.99,26.09,32.53
"2029",2024-07-25,"T27",8,NA,NA,0,79.2944444444445,1.453125,90.99,26.09,32.53
"2030",2024-07-25,"T28",0,NA,NA,0,79.2944444444445,1.453125,90.99,26.09,32.53
"2031",2024-07-25,"T34",0,NA,NA,0,79.2944444444445,1.453125,90.99,26.09,32.53
"2032",2024-07-26,"T01",2,NA,NA,0,65.7444444444444,0.808611111111111,90.93,25.68,16.46
"2033",2024-07-26,"T02",0,NA,NA,0,65.7444444444444,0.808611111111111,90.93,25.68,16.46
"2034",2024-07-26,"T09",3,NA,NA,0,65.7444444444444,0.808611111111111,90.93,25.68,16.46
"2035",2024-07-26,"T12",0,NA,NA,0,65.7444444444444,0.808611111111111,90.93,25.68,16.46
"2036",2024-07-26,"T17",0,NA,NA,0,65.7444444444444,0.808611111111111,90.93,25.68,16.46
"2037",2024-07-26,"T18",0,NA,NA,0,65.7444444444444,0.808611111111111,90.93,25.68,16.46
"2038",2024-07-26,"T19",10,NA,NA,0,65.7444444444444,0.808611111111111,90.93,25.68,16.46
"2039",2024-07-26,"T25",0,5,"CrestedGibbons",1,65.7444444444444,0.808611111111111,90.93,25.68,16.46
"2040",2024-07-26,"T27",8,NA,NA,0,65.7444444444444,0.808611111111111,90.93,25.68,16.46
"2041",2024-07-26,"T28",0,NA,NA,0,65.7444444444444,0.808611111111111,90.93,25.68,16.46
"2042",2024-07-26,"T34",0,NA,NA,0,65.7444444444444,0.808611111111111,90.93,25.68,16.46
"2043",2024-07-27,"T01",0,NA,NA,0,117.948611111111,1.14138888888889,91.96,25.8,41.34
"2044",2024-07-27,"T02",0,NA,NA,0,117.948611111111,1.14138888888889,91.96,25.8,41.34
"2045",2024-07-27,"T09",5,NA,NA,0,117.948611111111,1.14138888888889,91.96,25.8,41.34
"2046",2024-07-27,"T12",2,NA,NA,0,117.948611111111,1.14138888888889,91.96,25.8,41.34
"2047",2024-07-27,"T17",0,NA,NA,0,117.948611111111,1.14138888888889,91.96,25.8,41.34
"2048",2024-07-27,"T18",0,NA,NA,0,117.948611111111,1.14138888888889,91.96,25.8,41.34
"2049",2024-07-27,"T19",6,NA,NA,0,117.948611111111,1.14138888888889,91.96,25.8,41.34
"2050",2024-07-27,"T25",0,NA,NA,0,117.948611111111,1.14138888888889,91.96,25.8,41.34
"2051",2024-07-27,"T27",0,NA,NA,0,117.948611111111,1.14138888888889,91.96,25.8,41.34
"2052",2024-07-27,"T28",0,NA,NA,0,117.948611111111,1.14138888888889,91.96,25.8,41.34
"2053",2024-07-27,"T34",0,NA,NA,0,117.948611111111,1.14138888888889,91.96,25.8,41.34
"2054",2024-07-28,"T01",0,NA,NA,0,74.7868055555556,1.03666666666667,91.39,26.27,36.18
"2055",2024-07-28,"T02",0,NA,NA,0,74.7868055555556,1.03666666666667,91.39,26.27,36.18
"2056",2024-07-28,"T09",7,NA,NA,0,74.7868055555556,1.03666666666667,91.39,26.27,36.18
"2057",2024-07-28,"T12",0,6,"CrestedGibbons",1,74.7868055555556,1.03666666666667,91.39,26.27,36.18
"2058",2024-07-28,"T17",0,NA,NA,0,74.7868055555556,1.03666666666667,91.39,26.27,36.18
"2059",2024-07-28,"T18",0,NA,NA,0,74.7868055555556,1.03666666666667,91.39,26.27,36.18
"2060",2024-07-28,"T19",2,NA,NA,0,74.7868055555556,1.03666666666667,91.39,26.27,36.18
"2061",2024-07-28,"T25",0,NA,NA,0,74.7868055555556,1.03666666666667,91.39,26.27,36.18
"2062",2024-07-28,"T27",0,NA,NA,0,74.7868055555556,1.03666666666667,91.39,26.27,36.18
"2063",2024-07-28,"T28",2,NA,NA,0,74.7868055555556,1.03666666666667,91.39,26.27,36.18
"2064",2024-07-28,"T34",0,NA,NA,0,74.7868055555556,1.03666666666667,91.39,26.27,36.18
"2065",2024-07-29,"T01",0,NA,NA,0,138.215972222222,0.850833333333333,89.9,26.24,10.37
"2066",2024-07-29,"T02",0,NA,NA,0,138.215972222222,0.850833333333333,89.9,26.24,10.37
"2067",2024-07-29,"T09",8,NA,NA,0,138.215972222222,0.850833333333333,89.9,26.24,10.37
"2068",2024-07-29,"T12",0,NA,NA,0,138.215972222222,0.850833333333333,89.9,26.24,10.37
"2069",2024-07-29,"T17",0,NA,NA,0,138.215972222222,0.850833333333333,89.9,26.24,10.37
"2070",2024-07-29,"T18",0,NA,NA,0,138.215972222222,0.850833333333333,89.9,26.24,10.37
"2071",2024-07-29,"T19",7,NA,NA,0,138.215972222222,0.850833333333333,89.9,26.24,10.37
"2072",2024-07-29,"T25",0,NA,NA,0,138.215972222222,0.850833333333333,89.9,26.24,10.37
"2073",2024-07-29,"T27",0,NA,NA,0,138.215972222222,0.850833333333333,89.9,26.24,10.37
"2074",2024-07-29,"T28",1,NA,NA,0,138.215972222222,0.850833333333333,89.9,26.24,10.37
"2075",2024-07-29,"T34",0,NA,NA,0,138.215972222222,0.850833333333333,89.9,26.24,10.37
"2076",2024-07-30,"T01",2,NA,NA,0,166.748611111111,0.865416666666667,89.58,26.49,12.07
"2077",2024-07-30,"T02",0,NA,NA,0,166.748611111111,0.865416666666667,89.58,26.49,12.07
"2078",2024-07-30,"T09",0,NA,NA,0,166.748611111111,0.865416666666667,89.58,26.49,12.07
"2079",2024-07-30,"T12",7,NA,NA,0,166.748611111111,0.865416666666667,89.58,26.49,12.07
"2080",2024-07-30,"T17",0,NA,NA,0,166.748611111111,0.865416666666667,89.58,26.49,12.07
"2081",2024-07-30,"T18",0,NA,NA,0,166.748611111111,0.865416666666667,89.58,26.49,12.07
"2082",2024-07-30,"T19",9,NA,NA,0,166.748611111111,0.865416666666667,89.58,26.49,12.07
"2083",2024-07-30,"T25",0,NA,NA,0,166.748611111111,0.865416666666667,89.58,26.49,12.07
"2084",2024-07-30,"T27",0,NA,NA,0,166.748611111111,0.865416666666667,89.58,26.49,12.07
"2085",2024-07-30,"T28",0,NA,NA,0,166.748611111111,0.865416666666667,89.58,26.49,12.07
"2086",2024-07-30,"T34",0,NA,NA,0,166.748611111111,0.865416666666667,89.58,26.49,12.07
"2087",2024-07-31,"T01",0,NA,NA,0,164.878472222222,1.010625,89.6,26.36,11.63
"2088",2024-07-31,"T02",0,NA,NA,0,164.878472222222,1.010625,89.6,26.36,11.63
"2089",2024-07-31,"T09",0,NA,NA,0,164.878472222222,1.010625,89.6,26.36,11.63
"2090",2024-07-31,"T12",6,NA,NA,0,164.878472222222,1.010625,89.6,26.36,11.63
"2091",2024-07-31,"T17",0,NA,NA,0,164.878472222222,1.010625,89.6,26.36,11.63
"2092",2024-07-31,"T18",0,NA,NA,0,164.878472222222,1.010625,89.6,26.36,11.63
"2093",2024-07-31,"T19",8,NA,NA,0,164.878472222222,1.010625,89.6,26.36,11.63
"2094",2024-07-31,"T25",0,NA,NA,0,164.878472222222,1.010625,89.6,26.36,11.63
"2095",2024-07-31,"T27",1,NA,NA,0,164.878472222222,1.010625,89.6,26.36,11.63
"2096",2024-07-31,"T28",1,NA,NA,0,164.878472222222,1.010625,89.6,26.36,11.63
"2097",2024-07-31,"T34",0,NA,NA,0,164.878472222222,1.010625,89.6,26.36,11.63
"2098",2024-08-01,"T01",0,NA,NA,0,203.790972222222,0.601388888888889,87.97,26.67,2.54
"2099",2024-08-01,"T02",0,NA,NA,0,203.790972222222,0.601388888888889,87.97,26.67,2.54
"2100",2024-08-01,"T09",0,NA,NA,0,203.790972222222,0.601388888888889,87.97,26.67,2.54
"2101",2024-08-01,"T12",0,NA,NA,0,203.790972222222,0.601388888888889,87.97,26.67,2.54
"2102",2024-08-01,"T17",0,NA,NA,0,203.790972222222,0.601388888888889,87.97,26.67,2.54
"2103",2024-08-01,"T18",0,NA,NA,0,203.790972222222,0.601388888888889,87.97,26.67,2.54
"2104",2024-08-01,"T19",10,NA,NA,0,203.790972222222,0.601388888888889,87.97,26.67,2.54
"2105",2024-08-01,"T25",0,6,"CrestedGibbons",1,203.790972222222,0.601388888888889,87.97,26.67,2.54
"2106",2024-08-01,"T27",0,NA,NA,0,203.790972222222,0.601388888888889,87.97,26.67,2.54
"2107",2024-08-01,"T28",4,NA,NA,0,203.790972222222,0.601388888888889,87.97,26.67,2.54
"2108",2024-08-01,"T34",0,NA,NA,0,203.790972222222,0.601388888888889,87.97,26.67,2.54
"2109",2024-08-02,"T01",0,NA,NA,0,216.959027777778,0.622222222222223,86.54,27.19,2.67
"2110",2024-08-02,"T02",0,NA,NA,0,216.959027777778,0.622222222222223,86.54,27.19,2.67
"2111",2024-08-02,"T09",0,NA,NA,0,216.959027777778,0.622222222222223,86.54,27.19,2.67
"2112",2024-08-02,"T12",1,NA,NA,0,216.959027777778,0.622222222222223,86.54,27.19,2.67
"2113",2024-08-02,"T17",3,NA,NA,0,216.959027777778,0.622222222222223,86.54,27.19,2.67
"2114",2024-08-02,"T18",0,NA,NA,0,216.959027777778,0.622222222222223,86.54,27.19,2.67
"2115",2024-08-02,"T19",3,NA,NA,0,216.959027777778,0.622222222222223,86.54,27.19,2.67
"2116",2024-08-02,"T25",0,5,"CrestedGibbons",1,216.959027777778,0.622222222222223,86.54,27.19,2.67
"2117",2024-08-02,"T27",0,NA,NA,0,216.959027777778,0.622222222222223,86.54,27.19,2.67
"2118",2024-08-02,"T28",3,NA,NA,0,216.959027777778,0.622222222222223,86.54,27.19,2.67
"2119",2024-08-02,"T34",0,NA,NA,0,216.959027777778,0.622222222222223,86.54,27.19,2.67
"2120",2024-08-03,"T01",0,NA,NA,0,149.772222222222,0.627083333333333,91.87,26.45,3.65
"2121",2024-08-03,"T02",0,NA,NA,0,149.772222222222,0.627083333333333,91.87,26.45,3.65
"2122",2024-08-03,"T09",0,7,"CrestedGibbons",1,149.772222222222,0.627083333333333,91.87,26.45,3.65
"2123",2024-08-03,"T12",4,NA,NA,0,149.772222222222,0.627083333333333,91.87,26.45,3.65
"2124",2024-08-03,"T17",0,NA,NA,0,149.772222222222,0.627083333333333,91.87,26.45,3.65
"2125",2024-08-03,"T18",0,NA,NA,0,149.772222222222,0.627083333333333,91.87,26.45,3.65
"2126",2024-08-03,"T19",8,6,"CrestedGibbons",1,149.772222222222,0.627083333333333,91.87,26.45,3.65
"2127",2024-08-03,"T25",0,NA,NA,0,149.772222222222,0.627083333333333,91.87,26.45,3.65
"2128",2024-08-03,"T27",0,6,"CrestedGibbons",1,149.772222222222,0.627083333333333,91.87,26.45,3.65
"2129",2024-08-03,"T28",0,NA,NA,0,149.772222222222,0.627083333333333,91.87,26.45,3.65
"2130",2024-08-03,"T34",0,NA,NA,0,149.772222222222,0.627083333333333,91.87,26.45,3.65
"2131",2024-08-04,"T01",0,NA,NA,0,143.554166666667,0.471527777777778,86.41,26.87,12.68
"2132",2024-08-04,"T02",0,NA,NA,0,143.554166666667,0.471527777777778,86.41,26.87,12.68
"2133",2024-08-04,"T09",0,NA,NA,0,143.554166666667,0.471527777777778,86.41,26.87,12.68
"2134",2024-08-04,"T12",2,NA,NA,0,143.554166666667,0.471527777777778,86.41,26.87,12.68
"2135",2024-08-04,"T17",0,NA,NA,0,143.554166666667,0.471527777777778,86.41,26.87,12.68
"2136",2024-08-04,"T18",1,NA,NA,0,143.554166666667,0.471527777777778,86.41,26.87,12.68
"2137",2024-08-04,"T19",7,NA,NA,0,143.554166666667,0.471527777777778,86.41,26.87,12.68
"2138",2024-08-04,"T25",0,NA,NA,0,143.554166666667,0.471527777777778,86.41,26.87,12.68
"2139",2024-08-04,"T27",0,NA,NA,0,143.554166666667,0.471527777777778,86.41,26.87,12.68
"2140",2024-08-04,"T28",0,NA,NA,0,143.554166666667,0.471527777777778,86.41,26.87,12.68
"2141",2024-08-04,"T34",0,NA,NA,0,143.554166666667,0.471527777777778,86.41,26.87,12.68
"2142",2024-08-05,"T01",0,NA,NA,0,156.834722222222,0.435277777777778,86.55,26.76,2.97
"2143",2024-08-05,"T02",0,NA,NA,0,156.834722222222,0.435277777777778,86.55,26.76,2.97
"2144",2024-08-05,"T09",0,NA,NA,0,156.834722222222,0.435277777777778,86.55,26.76,2.97
"2145",2024-08-05,"T12",1,NA,NA,0,156.834722222222,0.435277777777778,86.55,26.76,2.97
"2146",2024-08-05,"T17",0,NA,NA,0,156.834722222222,0.435277777777778,86.55,26.76,2.97
"2147",2024-08-05,"T18",0,NA,NA,0,156.834722222222,0.435277777777778,86.55,26.76,2.97
"2148",2024-08-05,"T19",5,NA,NA,0,156.834722222222,0.435277777777778,86.55,26.76,2.97
"2149",2024-08-05,"T25",1,NA,NA,0,156.834722222222,0.435277777777778,86.55,26.76,2.97
"2150",2024-08-05,"T27",0,NA,NA,0,156.834722222222,0.435277777777778,86.55,26.76,2.97
"2151",2024-08-05,"T28",0,NA,NA,0,156.834722222222,0.435277777777778,86.55,26.76,2.97
"2152",2024-08-05,"T34",1,NA,NA,0,156.834722222222,0.435277777777778,86.55,26.76,2.97
"2153",2024-08-06,"T01",0,NA,NA,0,166.204861111111,0.393611111111111,87.65,26.93,2.13
"2154",2024-08-06,"T02",0,NA,NA,0,166.204861111111,0.393611111111111,87.65,26.93,2.13
"2155",2024-08-06,"T09",0,NA,NA,0,166.204861111111,0.393611111111111,87.65,26.93,2.13
"2156",2024-08-06,"T12",2,NA,NA,0,166.204861111111,0.393611111111111,87.65,26.93,2.13
"2157",2024-08-06,"T17",0,NA,NA,0,166.204861111111,0.393611111111111,87.65,26.93,2.13
"2158",2024-08-06,"T18",0,NA,NA,0,166.204861111111,0.393611111111111,87.65,26.93,2.13
"2159",2024-08-06,"T19",8,NA,NA,0,166.204861111111,0.393611111111111,87.65,26.93,2.13
"2160",2024-08-06,"T25",2,NA,NA,0,166.204861111111,0.393611111111111,87.65,26.93,2.13
"2161",2024-08-06,"T27",0,NA,NA,0,166.204861111111,0.393611111111111,87.65,26.93,2.13
"2162",2024-08-06,"T28",1,NA,NA,0,166.204861111111,0.393611111111111,87.65,26.93,2.13
"2163",2024-08-06,"T34",2,NA,NA,0,166.204861111111,0.393611111111111,87.65,26.93,2.13
"2164",2024-08-07,"T01",0,NA,NA,0,192.998611111111,0.637777777777778,89.2,26.88,5.25
"2165",2024-08-07,"T02",0,NA,NA,0,192.998611111111,0.637777777777778,89.2,26.88,5.25
"2166",2024-08-07,"T09",0,NA,NA,0,192.998611111111,0.637777777777778,89.2,26.88,5.25
"2167",2024-08-07,"T12",0,NA,NA,0,192.998611111111,0.637777777777778,89.2,26.88,5.25
"2168",2024-08-07,"T17",0,NA,NA,0,192.998611111111,0.637777777777778,89.2,26.88,5.25
"2169",2024-08-07,"T18",0,NA,NA,0,192.998611111111,0.637777777777778,89.2,26.88,5.25
"2170",2024-08-07,"T19",7,NA,NA,0,192.998611111111,0.637777777777778,89.2,26.88,5.25
"2171",2024-08-07,"T25",0,NA,NA,0,192.998611111111,0.637777777777778,89.2,26.88,5.25
"2172",2024-08-07,"T27",0,NA,NA,0,192.998611111111,0.637777777777778,89.2,26.88,5.25
"2173",2024-08-07,"T28",0,NA,NA,0,192.998611111111,0.637777777777778,89.2,26.88,5.25
"2174",2024-08-07,"T34",0,NA,NA,0,192.998611111111,0.637777777777778,89.2,26.88,5.25
"2175",2024-08-08,"T01",0,NA,NA,0,184.508333333333,0.507777777777778,91.36,26.64,16.96
"2176",2024-08-08,"T02",0,NA,NA,0,184.508333333333,0.507777777777778,91.36,26.64,16.96
"2177",2024-08-08,"T09",0,NA,NA,0,184.508333333333,0.507777777777778,91.36,26.64,16.96
"2178",2024-08-08,"T12",4,NA,NA,0,184.508333333333,0.507777777777778,91.36,26.64,16.96
"2179",2024-08-08,"T17",0,NA,NA,0,184.508333333333,0.507777777777778,91.36,26.64,16.96
"2180",2024-08-08,"T18",0,8,"CrestedGibbons",1,184.508333333333,0.507777777777778,91.36,26.64,16.96
"2181",2024-08-08,"T19",6,NA,NA,0,184.508333333333,0.507777777777778,91.36,26.64,16.96
"2182",2024-08-08,"T25",1,NA,NA,0,184.508333333333,0.507777777777778,91.36,26.64,16.96
"2183",2024-08-08,"T27",0,NA,NA,0,184.508333333333,0.507777777777778,91.36,26.64,16.96
"2184",2024-08-08,"T28",0,NA,NA,0,184.508333333333,0.507777777777778,91.36,26.64,16.96
"2185",2024-08-08,"T34",0,NA,NA,0,184.508333333333,0.507777777777778,91.36,26.64,16.96
"2186",2024-08-09,"T01",0,NA,NA,0,143.627777777778,0.522638888888889,91.14,26.65,2.07
"2187",2024-08-09,"T02",0,NA,NA,0,143.627777777778,0.522638888888889,91.14,26.65,2.07
"2188",2024-08-09,"T09",0,NA,NA,0,143.627777777778,0.522638888888889,91.14,26.65,2.07
"2189",2024-08-09,"T12",4,NA,NA,0,143.627777777778,0.522638888888889,91.14,26.65,2.07
"2190",2024-08-09,"T17",0,NA,NA,0,143.627777777778,0.522638888888889,91.14,26.65,2.07
"2191",2024-08-09,"T18",0,NA,NA,0,143.627777777778,0.522638888888889,91.14,26.65,2.07
"2192",2024-08-09,"T19",0,6,"CrestedGibbons",1,143.627777777778,0.522638888888889,91.14,26.65,2.07
"2193",2024-08-09,"T25",0,NA,NA,0,143.627777777778,0.522638888888889,91.14,26.65,2.07
"2194",2024-08-09,"T27",0,5,"CrestedGibbons",1,143.627777777778,0.522638888888889,91.14,26.65,2.07
"2195",2024-08-09,"T28",1,NA,NA,0,143.627777777778,0.522638888888889,91.14,26.65,2.07
"2196",2024-08-09,"T34",0,NA,NA,0,143.627777777778,0.522638888888889,91.14,26.65,2.07
"2197",2024-08-10,"T01",0,NA,NA,0,158.070833333333,0.802777777777778,88.07,27.21,1.23
"2198",2024-08-10,"T02",0,NA,NA,0,158.070833333333,0.802777777777778,88.07,27.21,1.23
"2199",2024-08-10,"T09",0,NA,NA,0,158.070833333333,0.802777777777778,88.07,27.21,1.23
"2200",2024-08-10,"T12",6,NA,NA,0,158.070833333333,0.802777777777778,88.07,27.21,1.23
"2201",2024-08-10,"T17",0,NA,NA,0,158.070833333333,0.802777777777778,88.07,27.21,1.23
"2202",2024-08-10,"T18",0,NA,NA,0,158.070833333333,0.802777777777778,88.07,27.21,1.23
"2203",2024-08-10,"T19",5,NA,NA,0,158.070833333333,0.802777777777778,88.07,27.21,1.23
"2204",2024-08-10,"T25",1,NA,NA,0,158.070833333333,0.802777777777778,88.07,27.21,1.23
"2205",2024-08-10,"T27",0,NA,NA,0,158.070833333333,0.802777777777778,88.07,27.21,1.23
"2206",2024-08-10,"T28",0,NA,NA,0,158.070833333333,0.802777777777778,88.07,27.21,1.23
"2207",2024-08-10,"T34",0,NA,NA,0,158.070833333333,0.802777777777778,88.07,27.21,1.23
"2208",2024-08-11,"T01",0,NA,NA,0,164.588888888889,1.00986111111111,87.76,27.48,3.57
"2209",2024-08-11,"T02",0,NA,NA,0,164.588888888889,1.00986111111111,87.76,27.48,3.57
"2210",2024-08-11,"T09",0,7,"CrestedGibbons",1,164.588888888889,1.00986111111111,87.76,27.48,3.57
"2211",2024-08-11,"T12",6,NA,NA,0,164.588888888889,1.00986111111111,87.76,27.48,3.57
"2212",2024-08-11,"T17",0,NA,NA,0,164.588888888889,1.00986111111111,87.76,27.48,3.57
"2213",2024-08-11,"T18",0,NA,NA,0,164.588888888889,1.00986111111111,87.76,27.48,3.57
"2214",2024-08-11,"T19",0,NA,NA,0,164.588888888889,1.00986111111111,87.76,27.48,3.57
"2215",2024-08-11,"T25",1,NA,NA,0,164.588888888889,1.00986111111111,87.76,27.48,3.57
"2216",2024-08-11,"T27",0,6,"CrestedGibbons",1,164.588888888889,1.00986111111111,87.76,27.48,3.57
"2217",2024-08-11,"T28",2,NA,NA,0,164.588888888889,1.00986111111111,87.76,27.48,3.57
"2218",2024-08-11,"T34",1,NA,NA,0,164.588888888889,1.00986111111111,87.76,27.48,3.57
"2219",2024-08-12,"T01",0,NA,NA,0,175.977083333333,1.54125,92.13,26.75,20.81
"2220",2024-08-12,"T02",0,NA,NA,0,175.977083333333,1.54125,92.13,26.75,20.81
"2221",2024-08-12,"T09",0,NA,NA,0,175.977083333333,1.54125,92.13,26.75,20.81
"2222",2024-08-12,"T12",0,NA,NA,0,175.977083333333,1.54125,92.13,26.75,20.81
"2223",2024-08-12,"T17",0,NA,NA,0,175.977083333333,1.54125,92.13,26.75,20.81
"2224",2024-08-12,"T18",0,NA,NA,0,175.977083333333,1.54125,92.13,26.75,20.81
"2225",2024-08-12,"T19",0,NA,NA,0,175.977083333333,1.54125,92.13,26.75,20.81
"2226",2024-08-12,"T25",1,NA,NA,0,175.977083333333,1.54125,92.13,26.75,20.81
"2227",2024-08-12,"T27",3,NA,NA,0,175.977083333333,1.54125,92.13,26.75,20.81
"2228",2024-08-12,"T28",0,NA,NA,0,175.977083333333,1.54125,92.13,26.75,20.81
"2229",2024-08-12,"T34",0,NA,NA,0,175.977083333333,1.54125,92.13,26.75,20.81
"2230",2024-08-13,"T01",0,NA,NA,0,229.483333333333,0.710833333333333,86.18,27.46,1.25
"2231",2024-08-13,"T02",0,NA,NA,0,229.483333333333,0.710833333333333,86.18,27.46,1.25
"2232",2024-08-13,"T09",0,6,"CrestedGibbons",1,229.483333333333,0.710833333333333,86.18,27.46,1.25
"2233",2024-08-13,"T25",2,NA,NA,0,229.483333333333,0.710833333333333,86.18,27.46,1.25
"2234",2024-08-13,"T27",5,NA,NA,0,229.483333333333,0.710833333333333,86.18,27.46,1.25
"2235",2024-08-13,"T28",1,NA,NA,0,229.483333333333,0.710833333333333,86.18,27.46,1.25
"2236",2024-08-13,"T34",0,NA,NA,0,229.483333333333,0.710833333333333,86.18,27.46,1.25
"2237",2024-08-14,"T01",1,NA,NA,0,212.433333333333,0.715972222222222,87.22,27.02,5.59
"2238",2024-08-14,"T02",0,NA,NA,0,212.433333333333,0.715972222222222,87.22,27.02,5.59
"2239",2024-08-14,"T25",0,NA,NA,0,212.433333333333,0.715972222222222,87.22,27.02,5.59
"2240",2024-08-14,"T27",3,NA,NA,0,212.433333333333,0.715972222222222,87.22,27.02,5.59
"2241",2024-08-14,"T28",0,NA,NA,0,212.433333333333,0.715972222222222,87.22,27.02,5.59
"2242",2024-08-14,"T34",1,NA,NA,0,212.433333333333,0.715972222222222,87.22,27.02,5.59
"2243",2024-08-15,"T01",0,NA,NA,0,201.055555555556,0.616527777777778,87,27.58,17.59
"2244",2024-08-15,"T02",0,NA,NA,0,201.055555555556,0.616527777777778,87,27.58,17.59
"2245",2024-08-15,"T25",1,NA,NA,0,201.055555555556,0.616527777777778,87,27.58,17.59
"2246",2024-08-15,"T27",2,NA,NA,0,201.055555555556,0.616527777777778,87,27.58,17.59
"2247",2024-08-15,"T28",0,NA,NA,0,201.055555555556,0.616527777777778,87,27.58,17.59
"2248",2024-08-15,"T34",0,NA,NA,0,201.055555555556,0.616527777777778,87,27.58,17.59
"2249",2024-08-16,"T02",0,NA,NA,0,200.704861111111,0.965138888888889,94.01,26.34,51.85
"2250",2024-08-16,"T25",2,NA,NA,0,200.704861111111,0.965138888888889,94.01,26.34,51.85
"2251",2024-08-16,"T27",1,NA,NA,0,200.704861111111,0.965138888888889,94.01,26.34,51.85
"2252",2024-08-16,"T28",0,NA,NA,0,200.704861111111,0.965138888888889,94.01,26.34,51.85
"2253",2024-08-16,"T34",0,NA,NA,0,200.704861111111,0.965138888888889,94.01,26.34,51.85
"2254",2024-08-17,"T25",1,NA,NA,0,171.654166666667,0.695,88.62,26.81,7.37
"2255",2024-08-17,"T27",0,6,"CrestedGibbons",1,171.654166666667,0.695,88.62,26.81,7.37
"2256",2024-08-17,"T28",0,NA,NA,0,171.654166666667,0.695,88.62,26.81,7.37
"2257",2024-08-17,"T34",1,NA,NA,0,171.654166666667,0.695,88.62,26.81,7.37
"2258",2024-08-18,"T25",2,NA,NA,0,203.572222222222,0.648611111111111,85.34,27.69,0.95
"2259",2024-08-18,"T27",1,NA,NA,0,203.572222222222,0.648611111111111,85.34,27.69,0.95
"2260",2024-08-18,"T28",0,NA,NA,0,203.572222222222,0.648611111111111,85.34,27.69,0.95
"2261",2024-08-18,"T34",7,NA,NA,0,203.572222222222,0.648611111111111,85.34,27.69,0.95
"2262",2024-08-19,"T25",0,NA,NA,0,225.265277777778,1.05875,87.5,27.57,7.84
"2263",2024-08-19,"T27",3,5,"CrestedGibbons",1,225.265277777778,1.05875,87.5,27.57,7.84
"2264",2024-08-19,"T28",0,NA,NA,0,225.265277777778,1.05875,87.5,27.57,7.84
"2265",2024-08-19,"T34",4,NA,NA,0,225.265277777778,1.05875,87.5,27.57,7.84
"2266",2024-08-20,"T25",2,NA,NA,0,165.354861111111,0.610833333333333,86.97,27.25,1.3
"2267",2024-08-20,"T27",8,5,"CrestedGibbons",1,165.354861111111,0.610833333333333,86.97,27.25,1.3
"2268",2024-08-20,"T28",0,NA,NA,0,165.354861111111,0.610833333333333,86.97,27.25,1.3
"2269",2024-08-20,"T34",0,NA,NA,0,165.354861111111,0.610833333333333,86.97,27.25,1.3
"2270",2024-08-21,"T25",0,NA,NA,0,187.713888888889,0.653611111111111,89.28,26.78,34.81
"2271",2024-08-21,"T27",0,13,"CrestedGibbons",1,187.713888888889,0.653611111111111,89.28,26.78,34.81
"2272",2024-08-21,"T28",0,NA,NA,0,187.713888888889,0.653611111111111,89.28,26.78,34.81
"2273",2024-08-21,"T34",1,NA,NA,0,187.713888888889,0.653611111111111,89.28,26.78,34.81
"2274",2024-08-22,"T25",0,NA,NA,0,188.440972222222,0.689305555555555,87.8,27.03,8
"2275",2024-08-22,"T27",0,6,"CrestedGibbons",1,188.440972222222,0.689305555555555,87.8,27.03,8
"2276",2024-08-22,"T28",2,NA,NA,0,188.440972222222,0.689305555555555,87.8,27.03,8
"2277",2024-08-22,"T34",1,NA,NA,0,188.440972222222,0.689305555555555,87.8,27.03,8
"2278",2024-08-23,"T27",1,NA,NA,0,148.630555555556,0.725277777777778,86.08,27.03,5.3
"2279",2024-08-23,"T28",0,NA,NA,0,148.630555555556,0.725277777777778,86.08,27.03,5.3
"2280",2024-08-23,"T34",0,NA,NA,0,148.630555555556,0.725277777777778,86.08,27.03,5.3
"2281",2024-08-24,"T27",0,6,"CrestedGibbons",1,189.043055555555,0.648055555555556,89.69,26.52,11.99
"2282",2024-08-24,"T28",5,NA,NA,0,189.043055555555,0.648055555555556,89.69,26.52,11.99
"2283",2024-08-25,"T27",0,5,"CrestedGibbons",1,216.803472222222,0.73125,90.71,26.4,5.88
"2284",2024-08-25,"T28",5,NA,NA,0,216.803472222222,0.73125,90.71,26.4,5.88
"2285",2024-08-26,"T28",1,NA,NA,0,180.004861111111,0.745972222222222,90.9,24.95,16.71
"2286",2024-08-27,"T28",0,NA,NA,0,NA,NA,88.05,26.5,44.37
